#  MJD-58000 counts error  run
 476.27579  27.36   5.98 0
 476.27695  37.12   7.49 0
 476.27811  27.39   6.26 0
 476.27926  33.13   7.59 0
 476.28042  35.20   6.78 0
 476.28158  52.40   9.07 0
 476.28273  25.37   5.83 0
 476.28389  23.43   6.35 0
 476.28505  46.65   7.90 0
 476.28621  25.24   6.09 0
 476.28736  22.60   5.81 0
 476.28852  34.02   6.83 0
 476.28968  21.67   5.45 0
 476.29084  31.17   6.87 0
 476.29199  23.30   5.49 0
 476.29315  42.62   7.65 0
 476.29431  29.57   6.34 0
 476.29547  19.43   5.02 0
 476.29662  37.34   7.32 0
 476.29778  28.73   6.40 0
 476.29894  25.74   6.05 0
 476.30010  25.82   5.77 0
 476.30125  28.71   6.82 0
 476.30241  21.99   5.33 0
 476.30357  27.49   6.56 0
 476.30473  44.23   7.60 0
 476.30588  26.17   5.86 0
 476.30704  28.71   6.14 0
 476.30820  26.48   6.20 0
 476.30936  29.79   6.48 0
 476.31051  29.63   6.45 0
 476.31167  33.52   6.57 0
 476.31283  25.39   6.64 0
 476.31398  17.10   5.08 0
 476.31514  20.69   5.81 0
 476.31630  25.83   5.78 0
 476.31746  31.03   6.33 0
 476.31861  32.25   6.98 0
 476.31977  22.00   5.34 0
 476.32093  25.03   6.31 0
 476.32209  31.11   6.86 0
 476.32324  20.88   5.83 0
 476.32440  27.73   6.87 0
 476.32556  28.42   6.60 0
 476.32672  24.64   5.94 0
 476.32787  32.26   6.71 0
 476.32903  18.11   5.48 0
 476.33019  31.58   6.75 0
 476.33135  19.31   6.12 0
 476.33250  26.11   6.12 0
 476.33366  27.55   6.29 0
 476.33482  18.62   5.62 0
 476.33598  19.44   5.63 0
 476.33713  28.53   6.86 0
 476.33829  28.31   6.62 0
 476.33945  37.25   7.29 0
 476.34061  29.81   6.48 0
 476.34176  19.62   5.07 0
 476.34292  39.88   7.73 0
 476.34408  19.75   6.02 0
 476.34523  20.62   5.48 0
 476.34639  34.43   7.01 0
 476.34755  24.90   5.72 0
 476.34871  31.15   6.62 0
 476.34986  35.91   7.17 0
 476.35102  30.38   7.03 0
 476.35218  30.90   6.31 0
 476.35334  36.69   7.40 0
 476.35449  32.69   6.54 0
 476.35565  27.23   5.94 0
 476.35681  27.41   6.00 0
 476.35797  26.30   5.89 0
 476.35912  46.79   8.35 0
 476.36028  22.66   5.51 0
 476.36144  32.38   6.73 0
 476.36260  31.70   6.74 0
 476.36375  29.81   6.48 0
 476.36491  19.29   4.98 0
 476.36607  39.05   7.13 0
 476.36723  29.84   6.22 0
 476.36838  19.41   5.93 0
 476.36954  26.94   6.57 0
 476.37070  39.42   7.21 0
 476.37186  29.15   6.50 0
 476.37301  28.35   6.56 0
 476.37417  24.60   6.22 0
 476.37533  27.32   6.24 0
 476.37648  29.70   6.45 0
 476.37764  25.89   6.63 0
 476.37880  23.31   6.55 0
 476.37996  29.32   6.28 0
 476.38111  33.68   6.86 0
 476.38227  33.17   7.12 0
 476.38343  42.75   7.66 0
 476.38459  35.15   7.01 0
 476.38574  40.04   7.19 0
 476.38690  36.69   7.42 0
 476.38806  28.47   6.35 0
 476.38922  38.93   7.11 0
 476.39037  57.17   8.62 0
 476.39153  31.27   6.64 0
 476.39269  36.12   6.83 0
 476.39385  49.53   8.26 0
 476.39500  50.81   8.35 0
 476.39616  69.48  10.14 0
 476.39732  63.29   9.41 0
 476.39848  66.33   9.65 0
 476.39963  69.64   9.82 0
 476.40079  91.41  11.19 0
 476.40195  89.73  11.16 0
 476.40311  99.57  11.59 0
 476.40426  86.72  11.08 0
 476.40542 135.66  13.44 0
 476.40658 155.15  14.78 0
 476.40773 151.82  14.69 0
 476.40889 172.77  15.16 0
 476.41005 185.69  15.85 0
 476.41121 231.30  17.89 0
 476.41236 231.08  17.65 0
 476.41352 239.66  17.72 0
 476.41468 221.48  17.81 0
 476.41584 215.48  16.96 0
 476.41699 215.11  16.97 0
 476.41815 208.74  16.92 0
 476.41931 195.19  16.08 0
 476.42047 184.77  15.96 0
 476.42162 185.87  15.70 0
 476.42278 146.37  14.13 0
 476.42394 154.15  14.70 0
 476.42510 137.97  14.32 0
 476.42625  91.13  13.56 0
 476.42741  97.45  12.51 0
 476.42857 102.00  12.49 0
 476.42973 114.53  12.89 0
 476.43088  92.28  12.17 0
 476.43204  74.45  11.36 0
 476.43320  63.12  10.70 0
 476.43436  78.08  10.89 0
 476.43551  65.63  11.31 0
 476.43667  73.95  10.46 0
 476.43783  51.90   8.80 0
 476.43898  49.03   8.89 0
 476.44014  43.18  10.36 0
 476.44130  41.61  10.10 0
 476.44246  62.69   9.59 0
 476.44361  38.81   7.75 0
 476.44477  42.57   7.80 0
 476.44593  46.56   8.70 0
 476.44709  45.26   8.98 0
 476.44824  35.70   7.14 0
 476.44940  33.15   7.34 0
 476.45056  33.48   6.91 0
 476.45172  37.53   6.97 0
 476.45287  32.40   6.65 0
 476.45403  41.28   7.30 0
 476.45519  31.97   7.08 0
 476.45635  40.65   7.31 0
 476.45750  34.16   7.10 0
 476.45866  30.15   6.29 0
 476.45982  55.81   8.51 0
 476.46098  44.30   7.60 0
 476.46213  29.77   6.47 0
 476.46329  41.73   7.38 0
 476.46445  53.11   8.29 0
 476.46561  36.96   7.00 0
 476.46676  27.35   6.25 0
 476.46792  42.68   7.43 0
 476.46908  33.91   6.91 0
 476.47023  50.73   8.13 0
 476.47139  32.89   6.59 0
 476.47255  37.53   7.35 0
 476.47371  30.85   6.46 0
 476.47486  41.50   7.34 0
 476.47602  24.93   6.02 0
 476.47718  46.21   8.07 0
 476.47834  25.03   6.30 0
 476.47949  31.25   6.63 0
 476.48065  37.64   6.99 0
 476.48181  31.44   6.68 0
 476.48297  49.09   8.17 0
 476.48412  38.74   7.07 0
 476.48528  36.02   7.51 0
 476.48644  31.66   6.74 0
 476.48760  34.36   7.36 0
 476.48875  37.33   7.40 0
 476.48991  28.96   6.19 0
 476.49107  42.73   7.66 0
 476.49223  37.32   7.36 0
 476.49338  27.58   6.32 0
 476.49454  38.41   7.39 0
 476.49570  35.24   6.79 0
 476.49686  32.90   9.89 0
 476.49801  39.39   9.93 0
 476.49917  48.33  10.13 0
 476.50033  18.26  10.23 0
 476.50148  36.70   6.94 0
 476.50264  29.58   6.17 0
 476.50380  25.46   6.16 0
 476.50496  37.90   7.57 0
 476.50611  41.11   7.97 0
 476.50727  27.07   6.18 0
 476.50843  35.84   7.38 0
 476.50959  23.80   6.45 0
 476.51074  32.94   6.86 0
 476.51190  33.95   7.14 0
 476.51306  23.33   6.60 0
 476.51422  43.09   7.51 0
 476.51537  38.00   7.49 0
 476.51653  32.34   6.72 0
 476.51769  38.92   7.34 0
 476.51885  35.49   7.09 0
 476.52000  34.06   7.18 0
 476.52116  26.33   6.17 0
 476.52232  46.60   8.27 0
 476.52348  26.29   6.43 0
 476.52463  42.83   7.60 0
 476.52579  36.14   6.83 0
 476.52695  40.48   8.31 0
 476.52811  36.12   8.22 0
 476.52926  36.37   7.36 0
 476.53042  33.64   7.24 0
 476.53158  45.36   7.88 0
 476.53273  42.82   8.13 0
 476.53389  21.16   5.79 0
 476.53505  40.35   7.47 0
 476.53621  33.07   7.12 0
 476.53736  43.36   7.56 0
 476.53852  38.44   7.58 0
 476.53968  42.88   7.60 0
 476.54084  46.21   8.05 0
 476.54199  50.28   8.26 0
 476.54315  46.69   7.79 0
 476.54431  40.48   7.68 0
 476.54547  49.77   8.09 0
 476.54662  46.52   8.55 0
 476.54778  39.91   7.31 0
 476.54894  41.99   7.80 0
 476.55010  47.95   7.88 0
 476.55125  42.84   7.60 0
 476.55241  38.88   7.47 0
 476.55357  29.96   6.69 0
 476.55473  36.33   7.77 0
 476.55588  42.81   7.45 0
 476.55704  42.99   7.70 0
 476.55820  29.76   6.73 0
 476.55936  35.46   7.24 0
 476.56051  23.26   5.48 0
 476.56167  39.70   7.72 0
 476.56283  28.56   6.09 0
 476.56398  66.82   9.68 0
 476.56514  42.39   7.88 0
 476.56630  44.05   7.56 0
 476.56746  33.63   6.85 0
 476.56861  30.40   7.09 0
 476.56977  44.62   7.87 0
 476.57093  41.83   7.62 0
 476.57209  38.80   7.47 0
 476.57324  49.60   8.17 0
 476.57440  43.61   8.06 0
 476.57556  47.12   8.07 0
 476.57672  59.15   9.02 0
 476.57787  48.42   7.97 0
 476.57903  38.08   7.24 0
 476.58019  40.96   7.60 0
 476.58135  36.05   7.29 0
 476.58250  51.17   8.21 0
 476.58366  27.27   5.95 0
 476.58482  34.84   6.86 0
 476.58598  32.24   6.85 0
 476.58713  36.16   7.31 0
 476.58829  54.62   8.75 0
 476.58945  27.75   6.06 0
 476.59061  32.89   6.83 0
 476.59176  32.49   6.50 0
 476.59292  45.75   7.97 0
 476.59408  41.99   7.66 0
 476.59523  27.51   6.01 0
 476.59639  40.08   7.44 0
 476.59755  28.52   7.33 0
 476.59871  25.02   5.76 0
 476.59986  38.05   7.30 0
 476.60102  37.61   7.22 0
 476.60218  25.88   6.34 0
 476.60334  44.93   7.73 0
 476.60449  31.90   6.53 0
 476.60565  36.18   7.31 0
 476.60681  38.81   8.00 0
 476.60797  37.24   7.53 0
 476.60912  35.12   6.76 0
 476.61028  45.70   8.14 0
 476.61144  26.25   6.17 0
 476.61260  29.86   6.23 0
 476.61375  27.13   6.19 0
 476.61491  40.63   7.31 0
 476.61607  30.94   6.32 0
 476.61723  44.11   7.57 0
 476.61838  38.05   7.30 0
 476.61954  21.37   5.94 0
 476.62070  32.26   6.87 0
 476.62186  27.33   6.52 0
 476.62301  42.84   7.69 0
 476.62417  42.81   8.10 0
 476.62533  26.73   6.28 0
 476.62648  28.56   6.09 0
 476.62764  29.68   6.19 0
 476.62880  37.58   6.98 0
 476.62996  37.89   7.05 0
 476.63111  32.58   7.93 0
 476.63227  34.95   6.97 0
 476.63343  27.04   6.18 0
 476.63459  31.04   7.08 0
 476.63574  31.41   6.67 0
 476.63690  30.98   6.33 0
 476.63806  33.93   7.06 0
 476.63922  31.87   6.53 0
 476.64037  30.10   6.28 0
 476.64153  33.54   6.98 0
 476.64269  32.71   7.04 0
 476.64385  29.47   6.42 0
 476.64500  27.10   6.72 0
 476.64616  37.97   7.53 0
 476.64732  30.32   6.34 0
 476.64848  24.13   6.00 0
 476.64963  38.14   7.10 0
 476.65079  37.70   7.24 0
 476.65195  20.68   5.17 0
 476.65311  19.63   6.38 0
 476.65426  39.06   7.59 0
 476.65542  20.67   5.77 0
 476.65658  45.89   8.00 0
 476.65773  44.95   7.94 0
 476.65889  44.42   7.62 0
 476.66005  28.16   6.44 0
 476.66121  33.17   6.66 0
 476.66236  36.60   7.39 0
 476.66352  25.25   6.10 0
 476.66468  34.97   7.38 0
 476.66584  27.09   6.47 0
 476.66699  27.24   6.21 0
 476.66815  31.13   6.35 0
 476.66931  26.23   5.88 0
 476.67047  32.37   6.97 0
 476.67162  33.23   6.67 0
 476.67278  34.69   7.07 0
 476.67394  33.03   6.87 0
 476.67510  62.09   9.27 0
 476.67625  45.03   7.74 0
 476.67741  31.49   6.95 0
 476.67857  23.29   6.27 0
 476.67973  30.44   6.36 0
 476.68088  13.37   4.96 0
 476.68204  28.51   6.99 0
 476.68320  42.65   7.66 0
 476.68436  27.33   5.97 0
 476.68551  34.69   6.68 0
 476.68667  45.54   8.43 0
 476.68783  27.55   6.31 0
 476.68898  19.42   5.34 0
 476.69014  30.19   6.31 0
 476.69130  30.19   6.58 0
 476.69246  25.00   5.75 0
 476.69361  35.99   6.95 0
 476.69477  24.47   5.90 0
 476.69593  29.86   6.48 0
 476.69709  18.43   5.56 0
 476.69824  42.51   7.53 0
 476.69940  28.59   6.10 0
 476.70056  31.07   6.60 0
 476.70172  20.95   5.86 0
 476.70287  36.82   6.97 0
 476.70403  33.67   6.86 0
 476.70519  32.55   6.51 0
 476.70635  33.66   6.60 0
 476.70750  37.11   7.26 0
 476.70866  35.07   7.24 0
 476.70982  21.84   6.02 0
 476.71098  27.75   6.07 0
 476.71213  37.87   7.05 0
 476.71329  34.30   6.75 0
 476.71445  40.77   7.57 0
 476.71561  39.17   7.38 0
 476.71676  28.95   7.05 0
 476.71792  26.13   6.40 0
 476.71908  30.41   6.35 0
 476.72023  19.92   5.16 0
 476.72139  30.70   6.93 0
 476.72255  26.54   6.23 0
 476.72371  39.42   7.44 0
 476.72486  24.06   5.69 0
 476.72602  41.87   7.63 0
 476.72718  37.14   7.13 0
 476.72834  46.73   8.13 0
 476.72949  45.40   8.23 0
 476.73065  46.52   8.10 0
 476.73181  38.35   7.37 0
 476.73297  44.21   8.03 0
 476.73412  36.36   7.03 0
 476.73528  25.74   6.32 0
 476.73644  45.35   7.89 0
 476.73760  46.20   8.04 0
 476.73875  43.47   7.80 0
 476.73991  36.40   7.13 0
 476.74107  80.81  10.53 0
 476.74223  98.22  11.35 0
 476.74338  85.35  10.76 0
 476.74454  88.06  10.95 0
 476.74570 103.81  12.21 0
 476.74686 118.95  12.74 0
 476.74801 128.46  13.26 0
 476.74917 152.37  14.57 0
 476.75033 164.79  14.63 0
 476.75148 214.64  17.12 0
 476.75264 223.10  17.74 0
 476.75380 215.40  17.48 0
 476.75496 292.48  19.55 0
 476.75611 294.19  19.80 0
 476.75727 272.32  19.20 0
 476.75843 309.26  20.54 0
 476.75959 282.20  19.80 0
 476.76074 252.07  18.42 0
 476.76190 269.82  19.15 0
 476.76306 237.68  18.17 0
 476.76422 260.04  18.61 0
 476.76537 237.35  18.13 0
 476.76653 231.55  17.66 0
 476.76769 196.32  16.30 0
 476.76885 201.47  16.39 0
 476.77000 162.39  14.94 0
 476.77116 144.21  14.20 0
 476.77232 171.37  15.49 0
 476.77348 153.86  14.57 0
 476.77463 138.76  13.55 0
 476.77579 115.03  12.33 0
 476.77695  82.86  11.02 0
 476.77811  98.65  11.47 0
 476.77926  89.52  10.88 0
 476.78042  85.35  10.82 0
 476.78158  95.85  11.54 0
 476.78273  67.52   9.37 0
 476.78389  61.97   9.25 0
 476.78505  59.93   9.22 0
 476.78621  62.65   9.17 0
 476.78736  61.40   9.27 0
 476.78852  48.14   8.25 0
 476.78968  38.85   7.34 0
 476.79084  33.57   7.30 0
 476.79199  44.48   8.07 0
 476.79315  41.11   8.24 0
 476.79431  59.30   9.41 0
 476.79547  18.38   5.25 0
 499.22255   5.21   2.61 1
 499.22371 109.61  12.27 1
 499.22486 122.28  12.68 1
 499.22602 150.98  14.34 1
 499.22718 168.43  14.92 1
 499.22834 168.63  15.15 1
 499.22949 197.63  16.50 1
 499.23065 197.86  16.58 1
 499.23181 243.61  18.26 1
 499.23297 266.20  19.01 1
 499.23412 243.34  18.07 1
 499.23528 228.68  17.80 1
 499.23644 252.11  18.73 1
 499.23760 248.92  18.40 1
 499.23875 279.90  19.01 1
 499.23991 238.75  17.93 1
 499.24107 223.54  17.45 1
 499.24223 226.76  17.38 1
 499.24338 181.87  15.86 1
 499.24454 189.42  15.90 1
 499.24570 183.42  15.97 1
 499.24686 157.18  14.75 1
 499.24801 139.71  13.90 1
 499.24917 153.59  14.78 1
 499.25033 104.75  12.17 1
 499.25148 119.82  12.51 1
 499.25264  94.72  11.29 1
 499.25380  92.83  11.28 1
 499.25496  78.86  10.57 1
 499.25611  80.23  10.44 1
 499.25727  65.93   9.78 1
 499.25843  74.38  10.04 1
 499.25959  51.88   8.97 1
 499.26074  68.71   9.93 1
 499.26190  58.45   9.27 1
 499.26306  61.14   9.16 1
 499.26422  43.07   7.72 1
 499.26537  46.33   8.35 1
 499.26653  29.49   7.41 1
 499.26769  34.11   7.18 1
 499.26885  46.87   8.02 1
 499.27000  43.96   7.76 1
 499.27116  31.18   6.63 1
 499.27232  30.95   6.32 1
 499.27348  47.85   8.27 1
 499.27463  38.56   7.28 1
 499.27579  39.82   7.69 1
 499.27695  34.97   6.73 1
 499.27811  28.38   6.05 1
 499.27926  30.08   6.81 1
 499.28042  33.79   7.04 1
 499.28158  32.67   6.55 1
 499.28273  32.78   7.05 1
 499.28389  32.32   6.46 1
 499.28505  19.63   5.40 1
 499.28621  17.75   5.93 1
 499.28736  34.97   7.68 1
 499.28852  31.39   6.42 1
 499.28968  28.42   6.06 1
 499.29084  33.99   6.68 1
 499.29199  23.26   6.33 1
 499.29315  28.12   6.71 1
 499.29431  39.55   7.89 1
 499.29547  38.11   7.09 1
 499.29662  31.05   6.34 1
 499.29778  38.57   7.42 1
 499.29894  39.25   7.18 1
 499.30010  30.28   6.33 1
 499.30125  34.68   6.68 1
 499.30241  32.15   6.43 1
 499.30357  42.06   7.45 1
 499.30473  37.48   7.19 1
 499.30588  33.40   6.81 1
 499.30704  35.73   7.79 1
 499.30820  34.72   6.92 1
 499.30936  31.18   6.63 1
 499.31051  30.23   6.31 1
 499.31167  38.99   7.36 1
 499.31283  47.34   7.91 1
 499.31398  37.21   7.15 1
 499.31514  39.68   7.13 1
 499.31630  38.79   7.08 1
 499.31746  38.89   7.10 1
 499.31861  40.92   7.37 1
 499.31977  42.89   7.62 1
 499.32093  29.45   6.14 1
 499.32209  36.26   7.10 1
 499.32324  40.46   7.27 1
 499.32440  38.19   7.33 1
 499.32556  34.89   6.95 1
 499.32672  41.12   7.49 1
 499.32787  30.99   7.08 1
 499.32903  29.97   7.24 1
 499.33019  48.02   8.03 1
 499.33135  43.88   7.53 1
 499.33250  35.02   7.46 1
 499.33366  34.82   7.19 1
 499.33482  37.72   7.91 1
 499.33598  49.96   8.53 1
 499.33713  42.72   8.01 1
 499.33829  38.48   7.71 1
 499.33945  36.14   7.53 1
 499.34061  32.41   7.14 1
 499.34176  32.63   7.24 1
 499.34292  31.68   7.02 1
 499.34408  33.40   7.04 1
 499.34523  36.01   6.81 1
 499.34639  46.75   7.79 1
 499.34755  36.47   7.14 1
 499.34871  38.78   7.31 1
 499.34986  36.51   7.59 1
 499.35102  41.31   7.95 1
 499.35218  45.62   7.85 1
 499.35334  28.46   7.06 1
 499.35449  39.24   7.40 1
 499.35565  31.27   7.36 1
 499.35681  48.11   8.13 1
 499.35797  26.94   5.88 1
 499.35912  37.47   7.19 1
 499.36028  26.73   6.77 1
 499.36144  38.75   7.55 1
 499.36260  46.20   8.05 1
 499.36375  46.64   8.72 1
 499.36491  37.45   7.86 1
 499.36607  45.59   8.92 1
 499.36723  43.55   8.33 1
 499.36838  32.73   8.19 1
 499.36954  48.76  10.07 1
 499.37070  46.19   9.76 1
 499.37186  61.24  10.53 1
 499.37301  46.87   9.72 1
 499.37417  45.53   9.26 1
 499.37533  42.63   8.78 1
 499.37648  48.05  10.58 1
 499.37764  69.77  10.87 1
 499.37880  43.72  10.94 1
 499.37996  34.40  11.02 1
 499.38111  43.06  10.48 1
 499.38227  24.84   9.41 1
 499.38343  25.71   7.32 1
 499.38459  34.20   9.34 1
 499.38574  41.74  10.00 1
 499.38690  46.82  10.96 1
 499.38806  40.18  10.25 1
 499.38922  15.71   7.68 1
 499.39037  25.11  10.53 1
 499.39153  28.77   8.69 1
 499.39269  43.25   9.68 1
 499.39385  37.69   9.56 1
 499.39500  46.75   9.26 1
 499.39616  36.03   7.07 1
 499.39732  43.78   9.21 1
 499.39848  36.29  10.69 1
 499.39963  31.76   7.24 1
 499.40079  28.62   7.80 1
 499.40195  32.50   8.45 1
 499.40311  39.75   7.99 1
 499.40426  28.29   8.61 1
 499.40542  36.83   8.90 1
 499.40658  36.47   8.68 1
 499.40773  33.02   9.23 1
 499.40889  38.34   9.24 1
 499.41005  42.17   9.67 1
 499.41121  33.85  10.40 1
 499.41236  41.88  11.73 1
 499.41352  43.88   9.88 1
 499.41468  22.23   9.74 1
 499.41584  46.56   9.63 1
 499.41699  42.17  10.02 1
 499.41815  31.76   9.69 1
 499.41931  43.52   9.07 1
 499.42047  50.96  11.13 1
 499.42162  27.55  10.06 1
 499.42278  38.95  11.53 1
 499.42394  13.49   6.68 1
 499.42510  13.09   9.04 1
 499.42625  32.02  10.36 1
 499.42741  55.69  11.00 1
 499.42857  43.16   9.69 1
 499.42973  47.96   9.95 1
 499.43088  27.12  10.10 1
 499.43204  40.22   8.51 1
 499.43320  29.17  10.20 1
 499.43436  36.45   9.70 1
 499.43551  32.99   9.61 1
 499.43667  33.11  11.07 1
 499.43783  33.44  10.11 1
 499.43898  30.56   9.61 1
 499.44014  42.20  11.02 1
 499.44130  19.59  10.00 1
 499.44246  48.06  10.96 1
 499.44361  58.23  10.41 1
 499.44477  21.83   6.92 1
 499.44593  16.83   9.31 1
 499.44709  12.59   9.45 1
 499.44824  26.97   9.11 1
 499.44940  44.96  11.46 1
 499.45056  39.00   9.00 1
 499.45172  35.51   7.98 1
 499.45287  48.90  10.30 1
 499.45403  35.85   8.28 1
 499.45519  33.96   8.45 1
 499.45635  32.81   8.85 1
 499.45750  29.39   8.72 1
 499.45866  21.62   5.72 1
 499.45982  22.66   5.52 1
 499.46098  50.40   8.07 1
 499.46213  41.52   8.00 1
 499.46329  45.65   8.28 1
 499.46445  31.16   8.20 1
 499.46561  39.46   8.62 1
 499.46676  35.02   7.58 1
 499.46792  36.31   7.77 1
 499.46908  37.90   7.72 1
 499.47023  30.47   7.77 1
 499.47139  35.01   7.89 1
 499.47255  24.78   7.05 1
 499.47371  38.90   7.47 1
 499.47486  40.74   7.98 1
 499.47602  48.70   8.81 1
 499.47718  19.39   7.80 1
 499.47834  16.99   7.48 1
 499.47949  25.84   8.17 1
 499.48065  22.03   8.07 1
 499.48181  27.84   7.77 1
 499.48297  17.23   7.53 1
 499.48412  25.63   7.67 1
 499.48528  24.50   8.37 1
 499.48644  20.87   8.04 1
 499.48760  26.14   8.23 1
 499.48875  28.61   9.16 1
 499.48991  22.16   7.44 1
 499.49107  41.13   8.13 1
 499.49223  32.98   8.59 1
 499.49338  36.45   8.63 1
 499.49454  25.32   7.35 1
 499.49570  23.73   6.43 1
 499.49686  31.75   8.11 1
 499.49801  19.43   5.92 1
 499.49917  32.52   9.34 1
 499.50033  36.21   7.49 1
 499.50148  32.84   7.74 1
 499.50264  28.53   8.40 1
 499.50380  22.39   7.97 1
 499.50496  30.40   8.20 1
 499.50611  36.06   8.74 1
 499.50727  21.47   8.25 1
 499.50843  14.15   8.18 1
 499.50959  36.93   9.31 1
 499.51074  10.48   7.40 1
 499.51190  32.92   8.39 1
 499.51306  27.27   6.91 1
 499.51422  40.82   9.34 1
 499.51537  25.85   7.43 1
 499.51653  20.77   6.35 1
 499.51769  31.53   8.51 1
 499.51885  25.94   8.42 1
 499.52000  43.68   9.03 1
 499.52116  27.27   8.92 1
 499.52232  42.01  10.55 1
 499.52348  22.02   8.90 1
 499.52463  24.53   8.08 1
 499.52579  29.27   9.30 1
 499.52695  26.08   8.92 1
 499.52811  14.22   5.84 1
 499.52926  29.10   7.79 1
 499.53042  28.68   7.64 1
 499.53158  23.83   9.25 1
 499.53273  33.65  10.40 1
 499.53389  12.79   8.47 1
 499.53505  24.11  11.30 1
 499.53621  34.72  10.24 1
 499.53736  27.88   8.81 1
 499.53852  19.49   7.64 1
 499.53968  16.63   8.33 1
 499.54084  38.59  10.48 1
 499.54199  28.42   8.79 1
 499.54315  39.39   9.54 1
 499.54431  26.28   8.86 1
 499.54547  34.11   7.41 1
 499.54662  16.68   7.19 1
 499.54778  25.29   8.75 1
 499.54894  20.65   9.67 1
 499.55010  26.11   8.63 1
 499.55125  36.93   8.88 1
 499.55241  13.26   8.16 1
 499.55357  28.54   8.26 1
 499.55473  19.63   6.52 1
 499.55588  31.21   8.19 1
 499.55704  16.16   6.18 1
 499.55820  24.64   8.06 1
 499.55936  27.64   7.73 1
 499.56051  30.91   6.96 1
 499.56167  28.42   6.32 1
 499.56283  23.19   6.31 1
 499.56398  27.54   6.54 1
 499.56514  20.95   5.55 1
 499.56630  21.98   5.33 1
 499.56746  23.89   6.73 1
 499.56861  19.59   5.97 1
 499.56977  11.48   4.65 1
 499.57093  19.31   6.43 1
 499.57209  19.18   6.42 1
 499.57324  18.08   6.66 1
 499.57440  26.33   6.19 1
 499.57556  27.29   5.96 1
 499.57672  18.63   5.31 1
 499.57787  31.11   6.61 1
 499.57903  25.18   5.80 1
 499.58019  42.83   7.46 1
 499.58135  34.40   7.36 1
 499.58250  42.70   7.65 1
 499.58366  26.12   7.26 1
 499.58482  27.65   7.08 1
 499.58598  28.83   7.15 1
 499.58713  36.98   8.50 1
 499.58829  38.72   9.51 1
 499.58945  37.90   8.15 1
 499.59061  26.67   9.13 1
 499.59176  32.17   6.68 1
 499.59292  32.36   6.96 1
 499.59408  34.57   6.80 1
 499.59523  35.54   7.09 1
 499.59639  33.05   6.63 1
 499.59755  46.45   8.28 1
 499.59871  48.85   8.13 1
 499.59986  39.04   7.61 1
 499.60102  43.94   8.09 1
 499.60218  59.97   9.15 1
 499.60334  68.78   9.64 1
 499.60449  59.24   8.73 1
 499.60565  97.21  11.53 1
 499.60681 121.84  13.75 1
 499.60797  84.98  11.01 1
 499.60912 125.82  13.66 1
 499.61028 132.74  14.72 1
 499.61144 131.89  15.39 1
 499.61260 145.59  15.10 1
 499.61375 151.97  14.76 1
 499.61491 198.75  16.72 1
 499.61607 209.65  17.09 1
 499.61723 202.32  16.81 1
 499.61838 204.66  17.21 1
 499.61954 184.36  16.15 1
 499.62070 185.38  16.24 1
 499.62186 184.98  17.63 1
 499.62301 187.67  17.01 1
 499.62417 201.01  18.06 1
 499.62533 165.48  17.86 1
 499.62648 159.97  15.98 1
 499.62764 128.99  15.58 1
 499.62880 151.78  14.77 1
 499.62996 141.03  14.21 1
 499.63111 111.92  12.76 1
 499.63227 109.88  12.34 1
 499.63343  97.15  11.65 1
 499.63459 102.76  12.03 1
 499.63574  74.26  10.02 1
 499.63690  81.70  10.30 1
 499.63806  82.38  10.78 1
 499.63922  63.48  10.54 1
 499.64037  67.24  10.36 1
 499.64153  44.24  10.42 1
 499.64269  49.37   8.76 1
 499.64385  60.96   9.20 1
 499.64500  59.41   9.07 1
 499.64616  61.98   9.65 1
 499.64732  37.50   8.30 1
 499.64848  35.19   9.27 1
 499.64963  40.18   7.90 1
 499.65079  49.47   8.64 1
 499.65195  46.51   8.94 1
 499.65311  40.96   9.56 1
 499.65426  27.10   9.02 1
 499.65542  29.63   6.94 1
 499.65658  30.86   7.63 1
 499.65773  42.58   8.55 1
 499.65889  37.66   7.91 1
 499.66005  36.68   8.31 1
 499.66121  31.25   8.44 1
 499.66236  33.73   9.27 1
 499.66352  34.55   9.50 1
 499.66468  20.96   8.65 1
 499.66584  24.48   9.63 1
 499.66699  41.86   8.05 1
 499.66815  19.74   6.79 1
 499.66931  36.70   7.62 1
 499.67047  29.95   8.73 1
 499.67162  45.64  10.94 1
 499.67278  39.05   9.21 1
 499.67394  28.39   8.33 1
 499.67510  53.05  10.60 1
 499.67625  40.01  10.80 1
 499.67741  33.16   9.88 1
 499.67857  33.78   8.42 1
 499.67973  50.57  10.59 1
 499.68088  44.01   8.82 1
 499.68204  33.74   8.59 1
 499.68320  20.19   9.29 1
 499.68436  30.65  10.20 1
 499.68551  31.75  10.58 1
 499.68667  28.84   9.17 1
 499.68783  44.39   9.14 1
 499.68898  49.90  10.72 1
 499.69014  35.70   8.82 1
 499.69130  39.33   9.18 1
 499.69246  23.36   7.59 1
 499.69361  49.77   8.68 1
 499.69477  43.55   9.95 1
 499.69593  40.70   7.32 1
 499.69709  40.05   7.42 1
 499.69824  31.05   6.59 1
 499.69940  43.20   8.15 1
 499.70056  39.29   7.19 1
 499.70172  33.01   6.86 1
 499.70287  32.57   6.52 1
 499.70403  43.22   7.75 1
 499.70519  40.58   7.30 1
 499.70635  31.04   6.58 1
 499.70750  40.76   7.57 1
 499.70866  40.04   7.85 1
 499.70982  28.30   6.03 1
 499.71098  45.93   7.78 1
 499.71213  38.70   7.07 1
 499.71329  34.92   6.72 1
 499.71445  23.37   5.81 1
 499.71561  32.32   6.71 1
 499.71676  58.58   8.94 1
 499.71792  38.19   7.78 1
 499.71908  23.75   5.62 1
 499.72023  36.31   7.68 1
 499.72139  26.28   6.16 1
 499.72255  36.65   6.94 1
 499.72371  40.42   7.27 1
 499.72486  33.51   6.82 1
 499.72602  32.15   6.79 1
 499.72718  22.02   5.93 1
 499.72834  35.53   7.10 1
 499.72949  32.88   6.58 1
 499.73065  38.75   7.31 1
 499.73181  35.22   7.03 1
 499.73297  47.24   8.11 1
 499.73412  27.11   6.19 1
 499.73528  25.18   6.86 1
 499.73644  36.22   7.08 1
 499.73760  48.40   8.17 1
 499.73875  28.29   6.03 1
 499.73991  45.61   8.13 1
 499.74107  48.17   7.93 1
 499.74223  53.20   8.52 1
 499.74338  50.42   8.41 1
 499.74454  41.72   7.38 1
 499.74570  28.36   6.32 1
 499.74686  36.10   7.07 1
 499.74801  56.18   8.58 1
 499.74917  39.48   7.46 1
 499.75033  26.16   7.14 1
 499.75148  29.64   6.44 1
 499.75264  36.47   6.90 1
 499.75380  33.11   7.12 1
 499.75496  35.44   7.32 1
 499.75611  50.00   9.79 1
 499.75727  50.63   8.51 1
 499.75843  30.26   7.21 1
 499.75959  30.32   6.59 1
 499.76074  42.76   7.67 1
 499.76190  45.20   7.64 1
 499.76306  42.39   7.52 1
 499.76422  38.83   7.25 1
 499.76537  38.80   7.09 1
 499.76653  39.50   7.88 1
 499.76769  45.59   7.93 1
 499.76885  45.15   7.84 1
 499.77000  40.08   7.34 1
 499.77116  38.21   7.12 1
 499.77232  26.99   6.41 1
 499.77348  30.18   6.30 1
 499.77463  34.94   6.97 1
 499.77579  32.51   7.01 1
 499.77695  24.93   6.29 1
 499.77811  32.16   6.43 1
 499.77926  40.16   7.67 1
 499.78042  32.51   7.69 1
 499.78158  28.27   6.29 1
 499.78273  28.64   6.11 1
 499.78389  30.59   6.65 1
 499.78505  38.99   7.12 1
 499.78621  23.45   5.54 1
 499.78736  18.00   5.46 1
 499.78852  40.57   8.16 1
 499.78968  34.80   6.70 1
 499.79084  23.38   6.09 1
 499.79199  33.86   6.65 1
 499.79315  28.75   6.14 1
 499.79431  19.62   6.22 1
 499.79547  20.35   5.41 1
 499.79662  46.28   8.39 1
 499.79778  17.93   5.31 1
 499.79894  25.78   6.04 1
 499.80010  14.14   5.31 1
 499.80125  23.19   6.45 1
 499.80241  31.49   6.70 1
 499.80357  39.87   7.16 1
 499.80473  33.56   6.58 1
 499.80588  26.41   6.20 1
 499.80704  31.75   6.50 1
 499.80820  32.03   6.67 1
 499.80936  17.87   5.43 1
 499.81051  41.40   7.47 1
 499.81167  24.88   6.02 1
 499.81283  30.37   6.59 1
 499.81398  24.59   5.64 1
 499.81514  19.32   5.62 1
 499.81630  23.12   6.05 1
 499.81746  22.72   5.85 1
 499.81861  29.44   7.06 1
 499.81977  15.87   4.93 1
 499.82093  34.34   6.76 1
 499.82209  29.86   6.23 1
 499.82324  26.14   6.15 1
 499.82440  29.00   6.47 1
 499.82556  28.93   6.18 1
 499.82672  24.55   6.20 1
 499.82787  34.80   6.94 1
 499.82903  24.49   5.62 1
 499.83019  27.34   5.97 1
 499.83135  26.55   5.96 1
 499.83250  31.02   6.83 1
 499.83366  26.28   6.18 1
 499.83482  34.33   6.75 1
 499.83598  32.16   6.94 1
 499.83713  28.23   6.40 1
 499.83829  23.65   5.58 1
 499.83945  29.99   6.27 1
 499.84061  24.60   6.46 1
 499.84176  28.53   6.34 1
 499.84292  36.11   6.82 1
 499.84408  29.66   6.45 1
 499.84523  31.00   6.50 1
 499.84639  17.16   4.78 1
 499.84755  28.29   6.03 1
 499.84871  18.18   4.86 1
 499.84986  18.49   5.59 1
 499.85102  16.99   4.72 1
 499.85218  16.30   4.74 1
 499.85334  19.57   5.06 1
 499.85449  28.86   6.17 1
 499.85565  28.36   6.22 1
 499.85681  30.10   6.56 1
 499.85797  23.41   6.11 1
 499.85912  24.64   5.65 1
 499.86028  16.69   4.98 1
 499.86144  22.04   5.35 1
 499.86260  17.20   4.78 1
 499.86375  24.65   5.66 1
 499.86491  32.30   6.72 1
 499.86607  20.86   5.72 1
 499.86723  21.84   5.60 1
 499.86838  18.11   5.16 1
 499.86954  12.84   4.06 1
 499.87070  19.54   5.05 1
 499.87186  14.20   5.00 1
 499.87301  31.04   6.34 1
 499.87417  15.42   4.86 1
 499.87533  23.28   5.77 1
 499.87648  27.12   5.92 1
 499.87764  22.08   5.36 1
 499.87880  27.62   6.30 1
 499.87996  29.32   6.27 1
 499.88111  23.83   5.92 1
 499.88227  26.05   6.10 1
 499.88343  26.26   6.16 1
 499.88459  15.50   5.16 1
 499.88574  27.20   8.00 1
 499.88690  36.16   8.49 1
 499.88806  16.07   9.03 1
 499.88922   9.61  10.65 1
 499.89037  29.29   9.50 1
 499.89153  12.12   8.78 1
 499.89269  25.86   7.69 1
 499.89385  32.07   9.57 1
 499.89500  26.30   7.18 1
 499.89616  25.08   5.76 1
 499.89732  31.27  10.25 1
 499.89848  18.20   6.86 1
 499.89963  24.90   6.46 1
 499.90079  27.54   6.02 1
 499.90195  39.10   7.15 1
 499.90311  25.74   6.46 1
 499.90426  28.31   6.21 1
 499.90542  24.43   5.60 1
 499.90658  17.00   5.07 1
 499.90773  15.53   4.83 1
 499.90889  14.12   4.26 1
 499.91005  19.03   5.42 1
 499.91121  28.49   6.34 1
 499.91236  21.97   5.92 1
 499.91352  35.33   6.96 1
 499.91468  15.52   4.83 1
 499.91584  15.72   4.88 1
 499.91699  23.31   6.25 1
 499.91815  18.81   5.05 1
 499.91931  14.54   4.77 1
 499.92047  30.20   7.07 1
 499.92162  21.75   5.76 1
 499.92278  30.48   6.38 1
 499.92394  18.82   5.38 1
 499.92510  18.59   6.21 1
 499.92625  28.66   6.11 1
 499.92741  24.69   5.95 1
 499.92857  22.18   6.65 1
 499.92973  33.18   6.82 1
 499.93088  14.63   4.77 1
 499.93204  21.01   5.57 1
 499.93320  20.82   5.53 1
 499.93436  20.52   5.13 1
 499.93551  19.61   5.69 1
 499.93667  11.68   6.19 1
 499.93783  28.06   8.03 1
 499.93898  42.98   8.88 1
 499.94014  16.54   8.67 1
 499.94130  10.18   4.84 1
 499.94246  21.92   5.92 1
 499.94361  24.88   6.19 1
 499.94477  19.77   5.44 1
 499.94593  22.36   6.03 1
 499.94709  29.68   6.19 1
 499.94824  35.45   7.53 1
 499.94940  26.76   6.49 1
 499.95056  31.73   6.49 1
 499.95172  25.96   6.08 1
 499.95287  28.48   6.33 1
 499.95403  31.33   6.65 1
 499.95519  33.41   6.96 1
 499.95635  46.58   8.30 1
 499.95750  29.04   6.20 1
 499.95866  49.40   8.23 1
 499.95982  54.59   8.43 1
 499.96098  44.11   8.38 1
 499.96213  42.82   7.90 1
 499.96329  71.37  10.01 1
 499.96445  49.96   8.61 1
 499.96561  69.87  10.23 1
 499.96676  91.20  11.65 1
 499.96792  79.81  12.15 1
 499.96908 125.08  13.91 1
 499.97023 124.21  13.91 1
 499.97139 135.68  13.81 1
 499.97255 147.11  13.97 1
 499.97371 169.19  14.85 1
 499.97486 193.98  16.10 1
 499.97602 217.25  17.25 1
 499.97718 240.72  18.03 1
 499.97834 226.70  17.37 1
 499.97949 216.01  17.36 1
 499.98065 216.03  16.78 1
 499.98181 236.78  17.97 1
 499.98297 209.82  17.21 1
 499.98412 222.82  17.42 1
 499.98528 206.52  16.71 1
 499.98644 200.06  16.44 1
 499.98760 200.96  16.59 1
 499.98875 171.93  15.57 1
 499.98991 165.61  14.91 1
 499.99107 161.40  14.78 1
 499.99223 157.13  14.64 1
 499.99338 135.19  13.88 1
 499.99454 126.47  13.14 1
 499.99570 106.59  12.63 1
 499.99686 110.48  12.31 1
 499.99801  73.45  10.01 1
 499.99917  62.23   9.71 1
 500.00033  69.45   9.91 1
 500.00148  70.17   9.66 1
 500.00264  54.07   8.91 1
 500.00380  62.56   9.28 1
 500.00496  55.80   8.71 1
 500.00611  75.32   9.99 1
 500.00727  50.19   8.04 1
 500.00843  35.37   6.82 1
 500.00959  43.64   7.92 1
 500.01074  37.33   7.54 1
 500.01190  30.12   7.29 1
 500.01306  19.34   5.66 1
 500.01422  50.06   8.55 1
 500.01537  54.30  10.51 1
 500.01653  35.88   7.80 1
 500.01769  34.79   8.20 1
 500.01885  36.29   8.58 1
 500.02000  29.90   9.25 1
 500.02116  26.25   8.23 1
 500.02232  36.96   7.48 1
 500.02348  22.01   6.21 1
 500.02463  23.39   7.75 1
 500.02579  33.53   9.47 1
 500.02695  39.85  10.97 1
 500.02811  44.49  11.37 1
 500.02926  32.15   9.63 1
 500.03042  29.34  10.47 1
 500.03158  28.58   6.28 1
 500.03273  47.84   8.80 1
 500.03389  38.88   8.72 1
 500.03505  37.49   8.40 1
 500.03621  27.06   8.88 1
 500.03736  24.61   8.99 1
 500.03852  28.84   8.99 1
 500.03968  23.25   8.81 1
 500.04084  48.98  11.00 1
 500.04199  21.50   8.95 1
 500.04315  36.37   9.23 1
 500.04431  16.73   7.02 1
 500.04547  29.57   9.58 1
 500.04662  30.77  11.14 1
 500.04778  28.33   7.70 1
 500.04894  49.05  12.67 1
 500.05010  17.62   7.04 1
 500.05125  38.11  11.26 1
 500.05241  29.98   8.49 1
 500.05357  36.61   7.39 1
 500.05473  26.25   6.67 1
 500.05588  25.76   5.76 1
 500.05704  32.26   6.45 1
 500.05820  39.91   7.40 1
 500.05936  21.96   6.70 1
 500.06051  30.71   7.11 1
 500.06167  34.49   6.79 1
 500.06283  37.49   7.11 1
 500.06398  34.29   6.75 1
 500.06514  40.09   7.65 1
 500.06630  28.36   6.05 1
 500.06746  26.75   6.27 1
 500.06861  26.40   8.27 1
 500.06977  32.43   6.74 1
 500.07093  35.84   6.92 1
 500.07209  25.15   9.11 1
 500.07324  30.22   9.34 1
 500.07440  32.40   9.38 1
 500.07556  31.89   9.36 1
 500.07672  42.82   8.30 1
 500.07787  36.34   9.85 1
 500.07903  37.72   9.26 1
 500.08019  29.05  10.27 1
 500.08135  30.09   9.36 1
 500.08250  59.12  10.70 1
 500.08366  25.74   9.96 1
 500.08482  60.00  11.62 1
 500.08598  25.35   9.78 1
 500.08713  30.19   9.31 1
 500.08829  41.14   9.66 1
 500.08945  25.17   8.85 1
 500.09061  30.46  10.34 1
 500.09176  27.63   9.47 1
 500.09292  34.04   8.91 1
 500.09408  38.05   8.94 1
 500.09523  44.35   9.37 1
 500.09639  24.35   9.03 1
 500.09755  22.12   8.55 1
 500.09871  44.69   7.89 1
 500.09986  31.19   6.61 1
 500.10102  30.20   6.56 1
 500.10218  44.04   7.98 1
 500.10334  35.88   7.17 1
 500.10449  33.30   6.93 1
 500.10565  46.19   7.83 1
 500.10681  25.79   6.31 1
 500.10797  36.28   7.09 1
 500.10912  38.76   7.67 1
 500.11028  53.70   8.40 1
 500.11144  25.91   6.33 1
 500.11260  35.85   7.16 1
 500.11375  27.68   6.06 1
 500.11491  36.54   7.17 1
 500.11607  33.61   6.59 1
 500.11723  22.03   5.92 1
 500.11838  42.09   7.88 1
 500.11954  35.78   7.14 1
 500.12070  44.79   7.70 1
 500.12186  32.23   6.60 1
 500.12301  47.50   7.81 1
 500.12417  28.50   6.37 1
 500.12533  40.61   7.54 1
 500.12648  37.08   7.03 1
 500.12764  43.41   7.79 1
 500.12880  24.35   6.16 1
 500.12996  32.53   6.77 1
 500.13111  37.11   7.27 1
 500.13227  20.50   5.75 1
 500.13343  22.57   6.06 1
 500.13459  20.11   5.52 1
 500.13574  23.96   6.28 1
 500.13690  19.39   5.31 1
 500.13806  28.54   6.09 1
 500.13922  25.92   5.80 1
 500.14037  33.79   7.12 1
 500.14153  33.15   6.65 1
 500.14269  19.74   5.71 1
 500.14385  30.50   6.91 1
 500.14500  19.52   6.23 1
 500.14616  27.20   6.32 1
 500.14732  19.43   6.39 1
 500.14848  30.41   6.36 1
 500.14963  34.84   6.70 1
 500.15079  27.59   7.84 1
 500.15195  24.38   7.18 1
 500.15311  33.96   7.43 1
 500.15426  45.63   7.73 1
 500.15542  32.21   6.95 1
 500.15658  39.86   7.52 1
 500.15773  31.22   8.14 1
 500.15889  40.63   8.95 1
 500.16005  46.65   9.27 1
 500.16121  41.92   9.30 1
 500.16236  24.57   7.90 1
 500.16352  41.83   9.77 1
 500.16468  39.71  10.49 1
 500.16584  36.70  10.30 1
 500.16699  22.42  10.06 1
 500.16815  23.67   9.24 1
 500.16931  33.21   9.28 1
 500.17047  40.58   9.06 1
 500.17162  32.08   9.49 1
 500.17278  38.54   9.02 1
 500.17394  46.35  10.08 1
 500.17510  15.58  10.84 1
 500.17625  46.41  10.58 1
 500.17741  43.88   8.33 1
 500.17857  39.11   9.72 1
 500.17973  51.28  10.79 1
 500.18088  27.65   9.56 1
 500.18204  28.82   8.71 1
 500.18320  28.81   8.54 1
 500.18436  22.58   9.35 1
 500.18551  38.77   9.16 1
 500.18667  25.92   6.88 1
 500.18783  43.93   7.54 1
 500.18898  39.22   7.39 1
 500.19014  42.99   7.93 1
 500.19130  42.95   7.71 1
 500.19246  27.11   6.45 1
 500.19361  45.06   7.90 1
 500.19477  41.03   7.39 1
 500.19593  30.90   6.81 1
 500.19709  31.37   6.68 1
 500.19824  33.31   6.79 1
 500.19940  30.11   6.55 1
 500.20056  40.81   7.72 1
 500.20172  26.50   5.94 1
 500.20287  47.00   7.98 1
 500.20403  30.93   6.32 1
 500.20519  40.27   7.70 1
 500.20635  31.55   6.46 1
 500.20750  30.84   6.81 1
 500.20866  22.11   5.95 1
 500.20982  35.23   6.94 1
 500.21098  33.69   6.61 1
 500.21213  27.92   7.13 1
 500.21329  27.87   6.37 1
 500.21445  36.58   6.93 1
 500.21561  24.90   5.72 1
 500.21676  18.72   5.33 1
 500.21792  33.09   6.88 1
 500.21908  27.77   6.07 1
 500.22023  30.08   6.54 1
 500.22139  26.80   6.28 1
 500.22255  28.38   6.58 1
 500.22371  28.62   6.75 1
 500.22486  34.83   7.08 1
 500.22602  29.59   7.41 1
 500.22718  41.55   7.57 1
 500.22834  26.94   6.82 1
 500.22949  33.48   6.80 1
 500.23065  44.23   7.81 1
 500.23181  38.50   7.49 1
 500.23297  12.97   5.43 1
 500.23412  26.10   6.11 1
 500.23528  33.76   7.34 1
 500.23644  36.54   7.15 1
 500.23760  32.21   6.70 1
 500.23875  29.66   6.45 1
 500.23991  30.40   6.35 1
 500.24107  20.89   5.53 1
 500.24223  31.01   7.31 1
 500.24338  19.17   9.39 1
 500.24454  27.27   8.11 1
 500.24570  24.64   8.59 1
 500.24686  35.73  10.28 1
 500.24801  37.75  12.79 1
 500.24917  30.15   7.06 1
 500.25033  35.32   6.81 1
 500.25148  24.64   5.94 1
 500.25264  27.39   6.40 1
 500.25380  20.65   5.48 1
 500.25496  23.63   5.59 1
 500.25611  20.16   5.55 1
 500.25727  31.63   6.47 1
 500.25843  19.59   5.68 1
 500.25959  33.62   6.83 1
 500.26074  38.09   7.08 1
 500.26190  35.46   7.29 1
 500.26306  38.89   7.38 1
 500.26422  27.41   6.57 1
 500.26537  28.96   6.65 1
 500.26653  28.77   6.15 1
 500.26769  26.88   6.29 1
 500.26885  38.28   7.13 1
 500.27000  20.80   5.80 1
 500.27116  16.39   5.15 1
 500.27232  23.50   5.56 1
 500.27348  41.44   7.54 1
 500.27463  15.48   5.79 1
 500.27579  30.10   6.28 1
 500.27695  41.10   7.40 1
 500.27811  22.48   5.46 1
 500.27926  22.37   6.28 1
 500.28042  38.62   7.05 1
 500.28158  30.44   6.37 1
 500.28273  36.31   6.87 1
 500.28389  37.94   7.06 1
 500.28505  32.72   7.06 1
 500.28621  24.61   5.65 1
 500.28736  32.13   6.43 1
 500.28852  29.97   6.52 1
 500.28968  43.96   7.54 1
 500.29084  25.55   6.64 1
 500.29199  26.11   7.41 1
 500.29315  22.66   7.81 1
 500.29431  16.42   5.12 1
 500.29547  44.96   8.16 1
 500.29662  46.69   7.78 1
 500.29778  35.09   6.99 1
 500.29894  27.93   6.50 1
 500.30010  28.84   6.40 1
 500.30125  42.73   7.88 1
 500.30241  23.43   5.82 1
 500.30357  29.76   6.73 1
 500.30473  34.92   7.11 1
 500.30588  33.32   6.69 1
 500.30704  24.93   6.56 1
 500.30820  31.59   6.47 1
 500.30936  33.64   6.60 1
 500.31051  34.06   6.69 1
 500.31167  28.62   6.37 1
 500.31283  36.38   7.34 1
 500.31398  34.73   6.93 1
 500.31514  40.45   7.64 1
 500.31630  23.12   5.45 1
 500.31746  29.97   6.26 1
 500.31861  24.61   6.21 1
 500.31977  29.59   6.61 1
 500.32093  30.96   6.85 1
 500.32209  29.90   6.24 1
 500.32324  35.16   7.27 1
 500.32440  34.14   6.71 1
 500.32556  39.80   7.15 1
 500.32672  26.27   5.89 1
 500.32787  14.18   5.30 1
 500.32903  41.58   7.56 1
 500.33019  47.89   8.08 1
 500.33135  33.44   6.56 1
 500.33250  47.01   8.05 1
 500.33366  43.04   7.72 1
 500.33482  50.43   8.29 1
 500.33598  41.04   8.04 1
 500.33713  36.34   6.87 1
 500.33829  48.45   8.97 1
 500.33945  54.40   8.59 1
 500.34061  65.49   9.28 1
 500.34176  63.91   9.33 1
 500.34292  76.60  10.47 1
 500.34408  71.23   9.71 1
 500.34523  87.37  10.96 1
 500.34639 109.93  12.16 1
 500.34755  96.15  11.91 1
 500.34871 120.10  12.89 1
 500.34986 119.57  12.70 1
 500.35102 140.59  13.92 1
 500.35218 139.58  13.67 1
 500.35334 185.03  15.71 1
 500.35449 207.12  16.94 1
 500.35565 235.00  17.82 1
 500.35681 180.07  15.65 1
 500.35797 202.39  16.56 1
 500.35912 192.71  15.86 1
 500.36028 203.12  16.68 1
 500.36144 205.00  16.51 1
 500.36260 183.72  15.87 1
 500.36375 199.64  16.21 1
 500.36491 186.53  15.95 1
 500.36607 178.90  15.54 1
 500.36723 152.90  14.46 1
 500.36838 140.71  13.83 1
 500.36954 128.26  12.98 1
 500.37070 114.48  12.28 1
 500.37186 114.42  12.29 1
 500.37301  91.31  11.70 1
 500.37417  86.62  10.69 1
 500.37533  93.24  11.15 1
 500.37648  77.04  10.21 1
 500.37764  66.49  10.12 1
 500.37880  57.11   8.62 1
 500.37996  62.33   9.13 1
 500.38111  48.40   8.17 1
 500.38227  53.44   8.55 1
 500.38343  55.38   8.94 1
 500.38459  58.22   8.68 1
 500.38574  42.51   7.62 1
 500.38690  44.59   7.67 1
 500.38806  34.89   7.66 1
 500.38922  40.74   7.34 1
 500.39037  52.70   8.66 1
 500.39153  42.36   7.51 1
 500.39269  26.69   6.25 1
 500.39385  28.08   6.42 1
 500.39500  43.98   7.54 1
 500.39616  31.95   6.78 1
 500.39732  29.59   6.44 1
 500.39848  29.90   6.49 1
 500.39963  39.39   7.44 1
 500.40079  33.62   7.08 1
 500.40195  29.74   6.47 1
 500.40311  28.28   6.03 1
 500.40426  33.28   7.01 1
 500.40542  41.73   7.61 1
 500.40658  25.35   6.16 1
 500.40773  34.17   6.96 1
 500.40889  33.98   7.16 1
 500.41005  17.98   5.74 1
 500.41121  22.56   5.79 1
 500.41236  36.50   7.14 1
 500.41352  27.15   6.21 1
 500.41468  29.96   6.51 1
 500.41584  26.23   6.82 1
 500.41699  21.42   6.27 1
 500.41815  30.94   6.58 1
 500.41931  41.23   7.51 1
 500.42047  37.71   7.25 1
 500.42162  33.84   6.90 1
 500.42278  39.22   7.18 1
 500.42394  32.59   6.78 1
 500.42510  23.19   5.47 1
 500.42625  31.35   6.67 1
 500.42741  27.56   6.56 1
 500.42857  24.87   5.98 1
 500.42973  33.35   6.79 1
 500.43088  45.30   7.88 1
 500.43204  45.31   7.80 1
 500.43320  32.76   7.35 1
 500.43436  43.04   7.50 1
 500.43551  38.88   7.70 1
 500.43667  28.47   6.07 1
 500.43783  33.73   7.10 1
 500.43898  33.53   6.82 1
 500.44014  23.07   5.93 1
 500.44130  34.88   6.96 1
 500.44246  30.46   6.37 1
 500.44361  27.38   7.00 1
 500.44477  38.38   7.37 1
 500.44593  33.69   7.10 1
 500.44709  29.07   6.47 1
 500.44824  28.44   6.06 1
 500.44940  30.29   6.58 1
 500.45056  24.39   5.60 1
 500.45172  38.63   7.28 1
 500.45287  41.27   7.53 1
 500.45403  44.06   7.70 1
 500.45519  47.96   7.89 1
 500.45635  41.19   7.28 1
 500.45750  28.63   6.72 1
 500.45866  52.39   8.50 1
 500.45982  33.73   6.62 1
 500.46098  46.74   8.44 1
 500.46213  34.76   6.93 1
 500.46329  46.11   8.11 1
 500.46445  37.71   7.24 1
 500.46561  36.59   7.30 1
 500.46676  49.01   8.48 1
 500.46792  52.47   8.31 1
 500.46908  36.82   7.22 1
 500.47023  29.86   7.18 1
 500.47139  43.94   7.54 1
 500.47255  33.58   7.66 1
 500.47371  35.82   6.92 1
 500.47486  32.86   7.06 1
 500.47602  44.00   7.76 1
 500.47718  46.57   8.11 1
 500.47834  44.33   8.03 1
 500.47949  35.78   6.90 1
 500.48065  41.66   7.37 1
 500.48181  42.94   7.83 1
 500.48297  39.71   7.58 1
 500.48412  45.27   7.65 1
 500.48528  50.28   8.46 1
 500.48644  48.98   7.95 1
 500.48760  43.78   7.87 1
 500.48875  51.17   8.99 1
 500.48991  42.16   7.69 1
 500.49107  27.42   6.00 1
 500.49223  31.55   6.96 1
 500.49338  38.17   7.11 1
 500.49454  37.55   6.97 1
 500.49570  44.26   8.08 1
 500.49686  42.44   7.61 1
 500.49801  41.25   7.66 1
 500.49917  52.22   8.27 1
 500.50033  44.00   7.77 1
 500.50148  27.12   6.19 1
 500.50264  37.29   6.93 1
 500.50380  38.70   7.07 1
 500.50496  36.39   7.59 1
 500.50611  28.45   6.86 1
 500.50727  56.03   8.55 1
 500.50843  36.17   7.08 1
 500.50959  49.32   8.14 1
 500.51074  47.00   7.97 1
 500.51190  37.01   7.01 1
 500.51306  46.52   7.96 1
 500.51422  34.40   9.29 1
 500.51537  28.37   7.07 1
 500.51653  44.14   8.13 1
 500.51769  39.92   7.31 1
 500.51885  36.89   6.98 1
 500.52000  42.58   7.42 1
 500.52116  28.36   6.05 1
 500.52232  35.60   6.87 1
 500.52348  34.79   7.10 1
 500.52463  38.63   7.33 1
 500.52579  30.11   6.82 1
 500.52695  34.99   7.35 1
 500.52811  47.70   8.06 1
 500.52926  39.74   7.50 1
 500.53042  39.37   7.20 1
 500.53158  24.59   6.20 1
 500.53273  41.57   7.35 1
 500.53389  41.34   7.31 1
 500.53505  36.04   6.81 1
 500.53621  32.22   6.70 1
 500.53736  31.75   6.50 1
 500.53852  43.20   7.76 1
 500.53968  45.32   8.00 1
 500.54084  40.24   7.23 1
 500.54199  29.73   6.47 1
 500.54315  35.69   7.59 1
 500.54431  44.28   8.86 1
 500.54547  39.15  10.45 1
 500.54662  53.66  11.21 1
 500.54778  41.49   8.27 1
 500.54894  35.51   6.85 1
 500.55010  40.60   7.31 1
 500.55125  49.32   8.01 1
 500.55241  34.97   7.43 1
 500.55357  50.75   8.73 1
 500.55473  24.33   6.06 1
 500.55588  46.68   8.62 1
 500.55704  43.09   9.31 1
 500.55820  45.68   8.31 1
 500.55936  46.79   8.55 1
 500.56051  25.18   5.79 1
 500.56167  35.55   7.34 1
 500.56283  45.19   9.08 1
 500.56398  36.34   7.42 1
 500.56514  35.15   6.77 1
 500.56630  34.90   7.19 1
 500.56746  37.33   7.98 1
 500.56861  39.72   7.72 1
 500.56977  37.33   7.62 1
 500.57093  33.87   6.66 1
 500.57209  31.46   6.85 1
 500.57324  42.28   7.72 1
 500.57440  33.09   6.88 1
 500.57556  35.20   7.02 1
 500.57672  38.77   7.08 1
 500.57787  44.33   7.62 1
 500.57903  34.35   6.76 1
 500.58019  36.71   7.19 1
 500.58135  31.79   6.52 1
 500.58250  43.08   7.51 1
 500.58366  30.90   6.57 1
 500.58482  39.24   7.41 1
 500.58598  30.38   6.62 1
 500.58713  35.89   7.63 1
 500.58829  32.59   6.77 1
 500.58945  37.19   7.52 1
 500.59061  27.35   6.98 1
 500.59176  40.43   7.49 1
 500.59292  40.22   7.45 1
 500.59408  37.26   7.39 1
 500.59523  31.85   6.51 1
 500.59639  37.51   6.97 1
 500.59755  42.93   7.69 1
 500.59871  33.80   6.63 1
 500.59986  35.57   6.86 1
 500.60102  31.30   7.80 1
 500.60218  27.32   6.25 1
 500.60334  38.77   7.74 1
 500.60449  34.33   7.22 1
 500.60565  39.13   7.30 1
 500.60681  30.32   6.60 1
 500.60797  39.28   7.33 1
 500.60912  31.29   6.67 1
 500.61028  36.42   7.60 1
 500.61144  27.15   5.93 1
 500.61260  23.68   6.15 1
 500.61375  36.20   6.84 1
 500.61491  26.33   6.70 1
 500.61607  33.83   7.49 1
 500.61723  48.87   7.93 1
 500.61838  37.19   6.91 1
 500.61954  44.22   7.80 1
 500.62070  37.02   7.25 1
 500.62186  46.51   7.89 1
 500.62301  28.41   6.31 1
 500.62417  37.11   7.04 1
 500.62533  29.51   6.92 1
 500.62648  41.66   7.82 1
 500.62764  43.58   7.61 1
 500.62880  36.08   7.28 1
 500.62996  28.43   6.34 1
 500.63111  37.82   7.26 1
 500.63227  36.76   7.20 1
 500.63343  37.25   7.29 1
 500.63459  50.70   8.33 1
 500.63574  48.46   7.98 1
 500.63690  33.85   6.65 1
 500.63806  23.97   5.67 1
 500.63922  42.54   7.63 1
 500.64037  30.97   6.57 1
 500.64153  30.09   7.29 1
 500.64269  46.94   7.84 1
 500.64385  34.62   7.05 1
 500.64500  39.04   7.37 1
 500.64616  28.48   6.86 1
 500.64732  34.30   6.98 1
 500.64848  29.88   6.23 1
 500.64963  20.99   5.57 1
 500.65079  38.22   7.39 1
 500.65195  31.64   6.98 1
 500.65311  12.98   4.48 1
 500.65426  36.30   7.34 1
 500.65542  40.48   7.74 1
 500.65658  29.72   6.47 1
 500.65773  23.21   5.47 1
 500.65889  32.44   6.74 1
 500.66005  34.55   7.20 1
 500.66121  36.13   6.83 1
 500.66236  39.40   7.21 1
 500.66352  28.01   6.14 1
 500.66468  27.78   6.33 1
 500.66584  30.98   7.24 1
 500.66699  39.75   7.28 1
 500.66815  36.55   7.14 1
 500.66931  30.91   6.57 1
 500.67047  37.57   7.35 1
 500.67162  39.71   7.27 1
 500.67278  33.40   6.82 1
 500.67394  42.51   7.40 1
 500.67510  31.26   6.65 1
 500.67625  41.65   7.37 1
 500.67741  37.39   7.37 1
 500.67857  38.97   7.35 1
 500.67973  44.09   7.57 1
 500.68088  33.41   6.55 1
 500.68204  34.26   6.99 1
 500.68320  19.86   5.14 1
 500.68436  46.70   7.79 1
 500.68551  34.79   6.94 1
 500.68667  32.12   6.84 1
 500.68783  30.05   7.20 1
 500.68898  25.90   6.08 1
 500.69014  24.16   6.76 1
 500.69130  31.13   6.37 1
 500.69246  22.57   5.81 1
 500.69361  24.75   5.68 1
 500.69477  31.34   6.67 1
 500.69593  43.33   7.55 1
 500.69709  31.56   6.71 1
 500.69824  28.70   6.65 1
 500.69940  40.54   7.73 1
 500.70056  33.63   6.60 1
 500.70172  45.33   8.01 1
 500.70287  51.26   8.23 1
 500.70403  45.56   8.13 1
 500.70519  64.25   9.21 1
 500.70635  60.16   9.07 1
 500.70750  74.96  10.28 1
 500.70866  76.59  10.31 1
 500.70982  97.58  11.28 1
 500.71098  91.38  11.67 1
 500.71213 104.37  12.05 1
 500.71329 112.18  12.42 1
 500.71445 141.39  14.00 1
 500.71561 164.28  14.91 1
 500.71676 180.01  15.50 1
 500.71792 177.19  15.93 1
 500.71908 239.58  17.96 1
 500.72023 266.93  18.87 1
 500.72139 249.42  18.40 1
 500.72255 220.20  17.11 1
 500.72371 262.88  18.54 1
 500.72486 231.13  17.47 1
 500.72602 270.56  19.12 1
 500.72718 268.34  18.87 1
 500.72834 261.78  18.49 1
 500.72949 231.02  17.81 1
 500.73065 172.52  15.36 1
 500.73181 167.79  15.02 1
 500.73297 196.07  16.18 1
 500.73412 160.95  14.75 1
 500.73528 157.55  14.45 1
 500.73644 165.20  14.68 1
 500.73760 125.41  12.82 1
 500.73875 136.13  13.30 1
 500.73991 119.02  12.90 1
 500.74107 131.53  13.23 1
 500.74223  97.77  11.45 1
 500.74338  85.97  10.96 1
 500.74454  92.93  11.91 1
 500.74570  88.26  10.87 1
 500.74686  62.49   9.60 1
 500.74801  69.73   9.66 1
 500.74917  63.73   9.30 1
 500.75033  58.23   8.68 1
 500.75148  78.69  10.34 1
 500.75264  67.46  10.48 1
 500.75380  48.82   8.44 1
 500.75496  51.25   8.62 1
 500.75611  51.80   8.20 1
 500.75727  61.74  10.10 1
 500.75843  41.36   7.31 1
 500.75959  35.35   8.62 1
 500.76074  34.44  10.33 1
 500.76190  43.13   7.76 1
 500.76306  43.53   7.83 1
 500.76422  22.59   6.08 1
 500.76537  47.95   8.02 1
 500.76653  31.69   8.66 1
 500.76769  27.36   8.18 1
 528.71044   3.00   1.73 2
 528.72201   7.00   2.65 2
 528.73359  51.00   7.14 2
 528.74516  44.00   6.63 2
 528.75673  14.00   3.74 2
 528.76831   4.00   2.00 2
 528.77988   1.00   1.00 2
 528.79146   2.00   1.41 2
 528.80303   3.00   1.73 2
 528.81460   1.00   1.00 2
 528.82618   2.00   1.41 2
 528.83775   4.00   2.00 2
 528.84933   1.00   1.00 2
 528.86090   1.00   1.00 2
 528.87247   2.00   1.41 2
 528.88405   1.00   1.00 2
 528.90720   3.00   1.73 2
 528.91877   2.00   1.41 2
 528.93034   1.00   1.00 2
 528.94192   2.00   1.41 2
 528.95349   1.00   1.00 2
 528.96507   1.00   1.00 2
 528.97664   1.00   1.00 2
 528.99979   2.00   1.41 2
 529.01136   1.00   1.00 2
 529.02294   1.00   1.00 2
 529.03451   2.00   1.41 2
 529.04609   1.00   1.00 2
 529.08081   3.00   1.73 2
 529.09238   3.00   1.73 2
 529.10396   1.00   1.00 2
 529.11553  13.00   3.61 2
 529.12710  31.00   5.57 2
 529.13868  22.00   4.69 2
 529.15025   4.00   2.00 2
 529.16183   7.00   2.65 2
 529.17340   5.00   2.24 2
 529.18497   3.00   1.73 2
 529.19655   1.00   1.00 2
 529.20812   1.00   1.00 2
 529.21970   3.00   1.73 2
 529.23127   1.00   1.00 2
 529.25442   2.00   1.41 2
 529.26599   2.00   1.41 2
 529.27757   3.00   1.73 2
 529.28914   2.00   1.41 2
 529.30072   1.00   1.00 2
 529.32386   2.00   1.41 2
 529.35859   1.00   1.00 2
 529.38173   1.00   1.00 2
 529.39331   4.00   2.00 2
 529.41646   1.00   1.00 2
 529.43960   3.00   1.73 2
 529.46275   1.00   1.00 2
 529.47433   5.00   2.24 2
 529.48590  24.00   4.90 2
 529.49747  35.00   5.92 2
 529.50905  17.00   4.12 2
 529.52062   3.00   1.73 2
 529.53220   4.00   2.00 2
 529.54377   1.00   1.00 2
 634.91236  22.01   5.34 3
 634.91352  39.42   7.65 3
 634.91468  36.60   7.59 3
 634.91584  28.32   7.33 3
 634.91699  44.40   8.42 3
 634.91815  72.07  10.47 3
 634.91931  62.45   9.71 3
 634.92047  57.15  10.16 3
 634.92162  60.90   9.74 3
 634.92278  73.26  10.43 3
 634.92394  88.31  11.41 3
 634.92510  85.43  10.69 3
 634.92625 102.46  11.90 3
 634.92741 119.88  12.89 3
 634.92857 148.74  14.53 3
 634.92973 124.56  13.96 3
 634.93088 145.12  14.03 3
 634.93204 133.18  14.12 3
 634.93320 114.52  13.11 3
 634.93436 149.33  14.12 3
 634.93551 145.38  14.06 3
 634.93667 150.72  14.74 3
 634.93783 141.33  14.13 3
 634.93899 142.06  13.82 3
 634.94014  93.71  11.61 3
 634.94130  98.87  11.49 3
 634.94246  88.02  11.21 3
 634.94361  86.15  11.19 3
 634.94477  86.97  11.41 3
 634.94593  65.56   9.74 3
 634.94709  81.55  10.69 3
 634.94824  51.73   9.22 3
 634.94940  58.75   8.94 3
 634.95056  54.06   9.00 3
 634.95172  41.79   7.83 3
 634.95287  44.46   7.64 3
 634.95403  50.35   8.38 3
 634.95519  36.44   7.50 3
 634.95635  42.73   7.65 3
 634.95750  45.95   8.58 3
 634.95866  41.96   7.99 3
 634.95982  39.16   7.37 3
 634.96098  39.00   7.77 3
 634.96213  34.60   6.81 3
 634.96329  19.92   6.27 3
 634.96445  32.17   6.82 3
 634.96561  34.27   7.19 3
 634.96676  24.59   5.64 3
 634.96792  24.59   5.92 3
 634.96908  26.29   6.70 3
 634.97024  16.02   4.97 3
 634.97139  20.77   6.05 3
 634.97255  32.41   6.49 3
 634.97371  30.08   6.69 3
 634.97486  19.45   5.63 3
 634.97602  24.45   6.31 3
 634.97718  25.90   6.83 3
 634.97834  23.13   6.13 3
 634.97949  32.56   6.92 3
 634.98065  27.07   5.91 3
 634.98181  33.39   6.70 3
 634.98297  18.70   5.62 3
 634.98412  22.25   6.22 3
 634.98528  21.06   5.59 3
 634.98644  20.62   5.15 3
 634.98760  14.78   4.47 3
 634.98875  14.25   4.65 3
 634.98991  14.21   5.49 3
 634.99107  16.98   5.36 3
 634.99223  19.54   5.35 3
 634.99338  14.57   4.75 3
 634.99454  26.18   6.13 3
 634.99570  22.05   5.84 3
 634.99686  15.51   4.48 3
 634.99801  27.07   6.33 3
 634.99917  22.11   5.67 3
 635.00033  19.53   5.37 3
 635.00149  12.93   4.83 3
 635.00264  20.86   5.22 3
 635.00380  20.10   5.20 3
 635.00496  29.58   6.58 3
 635.00611  15.25   5.58 3
 635.00727  10.83   4.63 3
 635.00843  23.36   5.51 3
 635.00959  27.38   6.74 3
 635.01074  11.66   3.89 3
 635.01190  16.87   4.68 3
 635.01306  17.26   5.13 3
 635.01422  14.79   5.15 3
 635.01537  10.37   4.45 3
 635.01653  15.59   4.50 3
 635.01769  14.54   4.39 3
 635.01885   5.25   3.67 3
 635.02000  10.51   3.72 3
 635.02116  15.42   4.80 3
 635.02232  13.28   4.58 3
 635.02348   7.84   3.65 3
 635.02463  12.51   4.57 3
 635.02579  14.29   4.31 3
 635.02695   9.45   4.41 3
 635.02811   9.12   4.28 3
 635.02926   5.59   3.31 3
 635.03042  14.23   4.65 3
 635.03158  14.20   4.28 3
 635.03274  16.70   4.63 3
 635.03389   6.48   3.43 3
 635.03505   9.18   3.90 3
 635.03621  15.84   4.60 3
 635.03736   6.80   3.94 3
 635.03852  11.70   3.90 3
 635.03968   8.17   3.35 3
 635.04084   6.56   2.94 3
 635.04199  21.81   5.79 3
 635.04315  12.77   4.04 3
 635.04431   6.59   3.88 3
 635.04547  16.92   5.01 3
 635.04662  11.33   5.03 3
 635.04778  15.54   4.49 3
 635.04894  10.73   4.22 3
 635.05010  18.18   5.17 3
 635.05125  16.79   4.66 3
 635.05241   9.22   3.93 3
 635.05357   8.18   3.36 3
 635.05473   9.83   3.74 3
 635.05588  14.19   4.63 3
 635.05704  14.27   4.67 3
 635.05820  14.45   5.34 3
 635.05936  14.30   4.69 3
 635.06051  19.29   4.98 3
 635.06167  14.68   4.80 3
 635.06283  28.69   6.12 3
 635.06399  18.18   6.05 3
 635.06514  26.95   6.04 3
 635.06630  18.12   5.18 3
 635.06746  14.10   4.25 3
 635.06861  20.84   5.53 3
 635.06977  14.47   4.37 3
 635.07093  16.74   4.97 3
 635.07209  25.26   5.81 3
 635.07324  22.47   5.46 3
 635.07440  19.27   5.18 3
 635.07556  23.67   5.59 3
 635.07672  11.73   4.30 3
 635.07787  20.75   5.49 3
 635.07903  16.96   5.47 3
 635.08019  24.15   5.72 3
 635.08135  21.98   5.62 3
 635.08250  18.57   4.97 3
 635.08366  25.91   6.08 3
 635.08482  22.15   5.69 3
 635.08598  18.13   5.17 3
 635.08713  15.72   5.19 3
 635.08829  14.36   4.33 3
 635.08945  30.85   6.30 3
 635.09061  19.40   5.01 3
 635.09176  13.77   5.07 3
 635.09292  18.58   5.60 3
 635.09408  31.18   6.61 3
 635.09524  14.50   4.38 3
 635.09639  32.46   6.49 3
 635.09755  20.74   5.19 3
 635.09871  23.25   5.77 3
 635.09986  23.92   6.33 3
 635.10102  27.04   6.17 3
 635.10218  17.23   4.79 3
 635.10334  17.08   5.06 3
 635.10449  13.41   4.25 3
 635.10565  22.13   5.96 3
 635.10681  22.59   5.49 3
 635.10797  18.23   5.19 3
 635.10912  15.98   4.97 3
 635.11028  18.46   5.26 3
 635.11144  22.36   5.72 3
 635.11260  28.64   6.11 3
 635.11375  30.33   6.58 3
 635.11491  22.01   5.34 3
 635.11607  12.81   4.30 3
 635.11723  18.51   5.27 3
 635.11838  12.91   4.48 3
 635.11954  11.69   4.66 3
 635.12070  13.18   4.55 3
 635.12186  18.42   5.85 3
 635.12301  23.43   5.52 3
 635.12417  18.12   4.84 3
 635.12533  20.73   5.18 3
 635.12649   7.72   3.63 3
 635.12764  22.77   5.55 3
 635.12880  14.60   4.75 3
 635.12996  13.09   4.53 3
 635.13111  19.24   4.97 3
 635.13227  18.07   4.83 3
 635.13343  14.22   4.29 3
 635.13459  14.64   4.43 3
 635.13574  17.50   5.18 3
 635.13690  20.75   5.49 3
 635.13806  15.43   4.45 3
 635.13922  14.74   4.81 3
 635.14037  27.21   6.27 3
 635.14153  15.49   4.47 3
 635.14269  19.80   5.13 3
 635.14385  15.86   5.24 3
 635.14500  12.30   5.16 3
 635.14616  27.20   5.94 3
 635.14732  25.84   5.78 3
 635.14848  15.55   5.16 3
 635.14963  22.13   5.66 3
 635.15079  14.20   4.64 3
 635.15195  36.81   6.97 3
 635.15311  17.18   4.77 3
 635.15426  14.94   4.87 3
 635.15542  10.49   4.12 3
 635.15658  28.53   6.33 3
 635.15774  18.04   5.14 3
 635.15889  18.21   5.18 3
 635.16005  23.89   5.67 3
 635.16121  13.65   5.32 3
 635.16236  18.02   5.14 3
 635.16352  24.24   6.02 3
 635.16468  27.19   5.93 3
 635.16584  24.54   5.63 3
 635.16699  25.16   5.80 3
 635.16815  13.05   4.13 3
 635.16931  18.12   4.84 3
 635.17047  25.02   5.76 3
 635.17162  28.75   6.14 3
 635.17278  25.17   6.05 3
 635.17394  24.67   5.85 3
 635.17510  12.98   4.82 3
 635.17625  18.48   5.56 3
 635.17741  18.51   4.97 3
 635.17857  14.17   5.49 3
 635.17973  13.12   4.15 3
 635.18088  16.79   5.29 3
 635.18204  16.76   4.65 3
 635.18320  19.23   5.89 3
 635.18436  13.12   4.52 3
 635.18551  11.67   4.30 3
 635.18667  16.86   5.63 3
 635.18783  20.68   5.47 3
 635.18899  19.57   5.36 3
 635.19014  11.82   5.02 3
 635.19130  17.76   5.83 3
 635.19246  20.58   5.62 3
 635.19361  26.00   6.09 3
 635.19477  12.89   4.08 3
 635.19593  18.28   6.05 3
 635.19709  13.07   4.14 3
 635.19824  16.77   4.65 3
 635.19940  24.92   5.72 3
 635.20056  19.39   5.01 3
 635.20172  10.43   3.69 3
 635.20287  22.09   5.64 3
 635.20403  20.75   5.49 3
 635.20519  18.28   4.89 3
 635.20635  14.25   4.30 3
 635.20750  17.86   5.30 3
 635.20866  25.52   6.14 3
 635.20982  31.01   6.33 3
 635.21098  27.44   6.18 3
 635.21213  14.21   4.64 3
 635.21329  23.26   5.77 3
 635.21445  27.75   6.07 3
 635.21561  20.72   5.47 3
 635.21676  18.23   5.19 3
 635.21792  26.15   5.85 3
 635.21908  16.36   5.07 3
 635.22024  23.32   5.50 3
 635.22139  24.66   5.96 3
 635.22255  14.39   5.35 3
 635.22371  27.66   6.31 3
 635.22486  22.09   5.65 3
 635.22602  19.33   5.59 3
 635.22718  23.65   5.58 3
 635.22834  26.06   6.09 3
 635.22949  18.17   4.86 3
 635.23065  19.42   5.01 3
 635.23181  28.73   6.13 3
 635.23297  24.35   5.77 3
 635.23412  26.82   6.52 3
 635.23528  31.12   6.60 3
 635.23644  24.61   5.84 3
 635.23760  18.73   5.62 3
 635.23875  19.81   5.13 3
 635.23991  16.87   5.01 3
 635.24107  14.21   5.00 3
 635.24223  26.04   5.82 3
 635.24338  20.12   5.57 3
 635.24454  18.28   5.49 3
 635.24570  18.31   5.23 3
 635.24686  24.56   5.63 3
 635.24801  23.92   6.71 3
 635.24917  21.17   5.61 3
 635.25033  23.31   5.49 3
 635.25149  19.84   5.90 3
 635.25264  27.27   6.40 3
 635.25380  25.44   5.85 3
 635.25496  27.43   6.25 3
 635.25611  35.36   7.49 3
 635.25727  36.23   7.08 3
 635.25843  28.51   6.83 3
 635.25959  38.36   7.37 3
 635.26074  37.57   6.98 3
 635.26190  50.69   8.52 3
 635.26306  50.30   8.75 3
 635.26422  61.16   8.92 3
 635.26537  59.66   9.10 3
 635.26653  81.66  10.29 3
 635.26769  71.77   9.80 3
 635.26885  89.52  11.03 3
 635.27000 113.44  12.18 3
 635.27116 112.25  12.11 3
 635.27232  98.19  11.36 3
 635.27348 137.90  13.80 3
 635.27463 149.96  14.38 3
 635.27579 171.53  15.57 3
 635.27695 195.86  16.30 3
 635.27811 184.00  15.69 3
 635.27926 217.12  17.23 3
 635.28042 228.53  17.83 3
 635.28158 195.75  16.39 3
 635.28274 199.81  16.44 3
 635.28389 174.32  15.28 3
 635.28505 194.20  16.25 3
 635.28621 191.27  16.23 3
 635.28736 194.77  16.27 3
 635.28852 161.67  14.60 3
 635.28968 147.46  13.96 3
 635.29084 159.58  14.86 3
 635.29199 140.62  13.62 3
 635.29315 114.51  12.47 3
 635.29431  92.50  11.14 3
 635.29547  99.66  11.60 3
 635.29662  98.78  11.34 3
 635.29778 104.99  12.17 3
 635.29894  88.40  10.72 3
 635.30010  66.51   9.49 3
 635.30125  99.80  11.61 3
 635.30241  50.86   8.15 3
 635.30357  63.81   9.30 3
 635.30473  76.59  10.13 3
 635.30588  45.93   8.18 3
 635.30704  80.03  10.37 3
 635.30820  45.06   8.34 3
 635.30936  37.93   7.06 3
 635.31051  56.75   8.85 3
 635.31167  24.42   5.90 3
 635.31283  27.74   6.33 3
 635.31399  33.88   7.12 3
 635.31514  28.66   6.63 3
 635.31630  30.33   6.97 3
 635.31746  45.02   7.74 3
 635.31861  46.78   8.14 3
 635.31977  34.35   6.75 3
 635.32093  32.35   6.47 3
 635.32209  29.78   6.46 3
 635.32324  27.28   6.48 3
 635.32440  32.61   6.99 3
 635.32556  37.81   7.25 3
 635.32672  26.42   6.19 3
 635.32787  36.51   6.90 3
 635.32903  24.63   6.46 3
 635.33019  27.66   6.05 3
 635.33135  16.79   4.66 3
 635.33250  31.06   6.34 3
 635.33366  31.16   6.36 3
 635.33482  24.65   5.94 3
 635.33598  26.52   6.22 3
 635.33713  27.20   5.94 3
 635.33829  14.56   5.09 3
 635.33945  10.35   4.06 3
 635.34061  23.52   5.55 3
 635.34176  29.98   6.97 3
 635.34292  32.12   7.00 3
 635.34408  34.86   7.21 3
 635.34524  29.77   6.21 3
 635.34639  23.75   5.89 3
 635.34755  40.33   7.47 3
 635.34871  35.70   6.89 3
 635.34986  34.61   6.81 3
 635.35102  29.16   6.73 3
 635.35218  35.34   7.26 3
 635.35334  36.61   7.09 3
 635.35449  25.27   5.81 3
 635.35565  28.46   6.07 3
 635.35681  19.65   5.09 3
 635.35797  23.78   5.62 3
 635.35912  34.52   7.02 3
 635.36028  20.76   5.49 3
 635.36144  25.04   5.76 3
 635.36260  24.87   5.98 3
 635.36375  32.36   6.73 3
 635.36491  24.67   5.93 3
 635.36607  24.62   6.03 3
 635.36723  29.92   6.25 3
 635.36838  28.46   6.07 3
 635.36954  28.11   6.15 3
 635.37070  23.38   6.24 3
 635.37186  25.30   5.82 3
 635.37301  14.38   5.33 3
 635.37417  26.00   5.81 3
 635.37533  20.94   5.24 3
 635.37649  21.08   5.28 3
 635.37764  41.53   7.91 3
 635.37880  22.79   6.08 3
 635.37996  22.23   6.23 3
 635.38111  31.08   6.35 3
 635.38227  35.52   7.70 3
 635.38343  25.63   5.91 3
 635.38459  17.77   4.95 3
 635.38574  26.02   5.82 3
 635.38690  18.98   5.09 3
 635.38806  21.41   5.37 3
 635.38922  20.26   5.27 3
 635.39037  19.80   5.42 3
 635.39153  19.35   5.00 3
 635.39269  18.69   5.33 3
 635.39385  18.59   5.60 3
 635.39500  24.67   5.93 3
 635.39616  22.56   5.78 3
 635.39732  17.23   4.79 3
 635.39848  21.85   6.57 3
 635.39963  29.62   6.83 3
 635.40079  31.69   6.96 3
 635.40195  24.48   6.06 3
 635.40311  25.02   6.54 3
 635.40426  30.40   6.59 3
 635.40542  25.99   6.08 3
 635.40658  25.95   5.80 3
 635.40774  34.98   7.20 3
 635.40889  30.33   6.34 3
 635.41005  38.73   7.64 3
 635.41121  30.95   6.32 3
 635.41236  40.14   7.21 3
 635.41352  25.93   5.80 3
 635.41468  22.03   5.91 3
 635.41584  35.33   7.42 3
 635.41699  32.61   7.01 3
 635.41815  22.36   6.01 3
 635.41931  24.78   5.69 3
 635.42047  25.91   5.79 3
 635.42162  34.32   6.75 3
 635.42278  25.11   6.30 3
 635.42394  25.62   6.18 3
 635.42510  25.34   6.38 3
 635.42625  28.48   6.07 3
 635.42741  19.82   5.13 3
 635.42857  23.83   6.17 3
 635.42973  28.81   6.16 3
 635.43088  21.92   5.84 3
 635.43204  22.04   5.35 3
 635.43320  22.33   5.42 3
 635.43436  26.31   5.89 3
 635.43551  15.58   4.50 3
 635.43667  16.83   4.67 3
 635.43783  28.35   6.22 3
 635.43899  25.25   6.07 3
 635.44014  18.65   4.99 3
 635.44130  22.93   6.14 3
 635.44246  18.96   5.38 3
 635.44361  20.17   5.83 3
 635.44477  28.78   6.39 3
 635.44593  21.04   5.27 3
 635.44709  22.92   5.86 3
 635.44824  28.79   6.15 3
 635.44940  22.42   5.74 3
 635.45056  31.49   6.44 3
 635.45172  20.94   5.84 3
 635.45287  14.35   4.69 3
 635.45403  17.09   5.08 3
 635.45519  19.82   5.13 3
 635.45635  19.51   5.35 3
 635.45750  31.31   6.65 3
 635.45866  28.59   6.60 3
 635.45982  25.35   6.37 3
 635.46098  21.76   6.01 3
 635.46213  16.87   5.02 3
 635.46329  26.47   5.93 3
 635.46445  13.00   4.48 3
 635.46561  19.82   5.99 3
 635.46676  17.02   5.05 3
 635.46792  29.92   6.49 3
 635.46908  15.80   4.57 3
 635.47024  14.67   4.79 3
 635.47139  14.30   4.67 3
 635.47255  23.34   5.78 3
 635.47371  14.24   4.66 3
 635.47486  18.04   5.15 3
 635.47602  22.24   5.40 3
 635.47718  16.96   5.03 3
 635.47834  14.68   4.76 3
 635.47949   6.74   3.97 3
 635.48065  14.26   4.97 3
 635.48181  16.94   4.70 3
 635.48297  16.27   5.04 3
 635.48412  25.75   6.47 3
 635.48528  21.27   5.62 3
 635.48644  22.25   5.97 3
 635.48760  24.67   5.94 3
 635.48875  21.72   5.74 3
 635.48991  19.30   5.35 3
 635.49107  22.17   5.38 3
 635.49223  17.70   4.94 3
 635.49338  18.15   4.85 3
 635.49454  10.76   3.82 3
 635.49570  36.95   7.15 3
 635.49686  22.90   5.58 3
 635.49801  23.59   6.04 3
 635.49917  13.03   4.84 3
 635.50033  16.91   5.84 3
 635.50149  22.59   5.49 3
 635.50264  23.47   5.53 3
 635.50380  20.79   5.20 3
 635.50496  24.13   5.71 3
 635.50611  23.94   6.73 3
 635.50727  27.47   6.98 3
 635.50843  25.81   6.21 3
 635.50959  29.82   6.73 3
 635.51074  15.57   5.16 3
 635.51190  22.53   6.15 3
 635.51306  21.12   5.29 3
 635.51422  24.15   5.71 3
 635.51537  19.43   5.33 3
 635.51653  22.11   5.66 3
 635.51769  11.52   4.40 3
 635.51885  23.39   5.51 3
 635.52000  24.47   6.33 3
 635.52116  21.91   5.32 3
 635.52232  25.89   6.06 3
 635.52348  26.00   6.08 3
 635.52463  19.66   5.08 3
 635.52579  18.63   5.31 3
 635.52695  13.39   4.61 3
 635.52811  25.11   6.57 3
 635.52926   9.97   4.61 3
 635.53042  14.27   4.30 3
 635.53158  22.39   5.44 3
 635.53274  18.25   5.21 3
 635.53389  22.80   5.55 3
 635.53505  20.67   5.17 3
 635.53621  11.72   4.67 3
 635.53736  23.49   5.54 3
 635.53852  14.21   4.65 3
 635.53968  13.06   4.52 3
 635.54084  21.35   5.92 3
 635.54199  26.63   5.97 3
 635.54315  18.17   4.86 3
 635.54431  32.55   6.51 3
 635.54547  22.72   5.81 3
 635.54662  26.06   6.36 3
 635.54778  27.15   5.93 3
 635.54894  16.98   5.10 3
 635.55010  27.39   6.26 3
 635.55125  24.18   6.02 3
 635.55241  23.64   5.58 3
 635.55357  12.99   4.49 3
 635.55473  22.16   5.67 3
 635.55588  23.46   6.61 3
 635.55704  25.02   6.03 3
 635.55820  18.40   5.24 3
 635.55936  19.84   5.74 3
 635.56051  19.68   5.08 3
 635.56167  20.78   5.49 3
 635.56283  22.14   5.97 3
 635.56399  28.79   6.64 3
 635.56514  25.02   6.45 3
 635.56630  20.03   5.49 3
 635.56746  13.34   4.24 3
 635.56861  25.46   5.87 3
 635.56977  31.28   6.39 3
 635.57093  19.62   5.39 3
 635.57209  20.89   5.53 3
 635.57324  17.33   5.45 3
 635.57440  22.37   6.01 3
 635.57556   7.49   4.56 3
 635.57672  22.54   6.12 3
 635.57787  25.23   5.81 3
 635.57903  20.39   5.57 3
 635.58019  27.30   6.41 3
 635.58135  15.41   4.85 3
 635.58250  26.03   6.09 3
 635.58366  23.92   5.66 3
 635.58482  26.17   6.39 3
 635.58598  36.58   6.92 3
 635.58713  28.49   6.26 3
 635.58829   9.33   3.97 3
 635.58945  25.06   5.76 3
 635.59061  33.81   6.63 3
 635.59176  25.62   6.17 3
 635.59292  22.00   5.34 3
 635.59408  20.68   5.17 3
 635.59524  20.76   5.78 3
 635.59639  31.17   6.36 3
 635.59755  30.95   6.72 3
 635.59871  14.44   4.35 3
 635.59986  20.80   5.80 3
 635.60102  23.31   5.49 3
 635.60218  16.96   5.04 3
 635.60334  16.84   5.00 3
 635.60449  25.41   6.51 3
 635.60565  16.71   4.63 3
 635.60681  15.58   4.50 3
 635.60797  28.56   6.09 3
 635.60912  20.86   5.52 3
 635.61028  19.88   5.15 3
 635.61144  18.15   5.18 3
 635.61260  17.72   5.82 3
 635.61375  21.58   5.41 3
 635.61491  14.25   4.30 3
 635.61607  19.82   5.44 3
 635.61723  16.88   5.32 3
 635.61838  11.99   4.43 3
 635.61954  16.52   4.80 3
 635.62070  21.16   5.59 3
 635.62186  16.11   5.29 3
 635.62301  23.57   5.56 3
 635.62417  26.19   6.12 3
 635.62533  15.56   5.16 3
 635.62649  16.90   4.69 3
 635.62764  22.42   5.45 3
 635.62880  21.03   5.83 3
 635.62996  24.16   5.72 3
 635.63111  15.60   4.50 3
 635.63227  13.02   4.84 3
 635.63343  10.48   4.46 3
 635.63459  15.52   5.18 3
 635.63574  20.89   5.23 3
 635.63690  20.71   5.48 3
 635.63806  22.37   5.73 3
 635.63922  18.12   4.84 3
 635.64037  21.83   5.72 3
 635.64153  22.41   5.75 3
 635.64269  18.75   5.02 3
 635.64385  22.15   5.66 3
 635.64500  27.45   5.99 3
 635.64616  28.61   6.84 3
 635.64732  36.26   7.09 3
 635.64848  25.80   5.77 3
 635.64963  35.19   7.00 3
 635.65079  56.14   9.09 3
 635.65195  40.34   7.48 3
 635.65311  68.18   9.81 3
 635.65426  65.06   9.86 3
 635.65542  63.83   9.13 3
 635.65658  78.51  10.15 3
 635.65774  70.00   9.69 3
 635.65889  93.56  11.27 3
 635.66005 100.28  11.67 3
 635.66121 109.67  12.10 3
 635.66236 141.93  14.28 3
 635.66352 158.47  14.54 3
 635.66468 144.28  14.17 3
 635.66584 149.49  14.29 3
 635.66699 177.63  15.29 3
 635.66815 162.15  14.77 3
 635.66931 189.36  15.81 3
 635.67047 140.05  13.75 3
 635.67162 179.14  15.33 3
 635.67278 153.75  14.50 3
 635.67394 136.98  13.62 3
 635.67510 153.38  14.60 3
 635.67625 132.68  13.39 3
 635.67741 108.09  12.53 3
 635.67857 114.41  12.54 3
 635.67973  91.36  11.22 3
 635.68088 100.12  11.91 3
 635.68204  83.41  10.43 3
 635.68320  76.46  10.27 3
 635.68436  46.12   8.22 3
 635.68551  83.21  10.51 3
 635.68667  58.11   8.96 3
 635.68783  61.81   9.21 3
 635.68899  52.25   8.26 3
 635.69014  41.27   7.65 3
 635.69130  52.68   8.34 3
 635.69246  41.46   7.77 3
 635.69361  42.79   7.80 3
 635.69477  52.26   8.46 3
 635.69593  36.34   7.09 3
 635.69709  32.73   6.55 3
 635.69824  31.19   6.87 3
 635.69940  24.66   6.47 3
 635.70056  44.63   7.67 3
 635.70172  30.05   6.75 3
 635.70287  14.06   6.13 3
 635.70403  30.39   6.60 3
 635.70519  26.25   6.42 3
 635.70635  23.60   6.37 3
 635.70750  22.12   5.36 3
 635.70866  24.60   5.65 3
 635.70982  21.97   5.33 3
 635.71098  21.97   5.62 3
 635.71213  30.85   7.32 3
 635.71329  34.10   6.93 3
 635.71445  33.41   6.70 3
 635.71561  18.29   5.22 3
 635.71676  34.98   7.19 3
 635.71792  33.69   6.75 3
 635.71908  31.74   6.74 3
 635.72024  38.03   7.29 3
 635.72139  15.58   4.50 3
 635.72255  33.65   7.21 3
 635.72371  24.58   5.64 3
 635.72486  20.79   5.78 3
 635.72602  31.19   6.86 3
 635.72718  32.56   6.51 3
 635.72834  26.37   6.20 3
 635.72949  16.84   4.67 3
 635.73065  18.13   5.74 3
 635.73181  25.98   6.27 3
 635.73297  27.30   6.23 3
 635.73412  29.40   6.28 3
 635.73528  20.65   5.65 3
 635.73644  33.38   6.93 3
 635.73760  22.17   5.39 3
 635.73875  35.01   7.20 3
 635.73991  25.99   5.81 3
 635.74107  29.64   6.18 3
 635.74223  33.57   6.97 3
 635.74338  32.27   6.46 3
 635.74454  26.30   6.16 3
 635.74570  35.88   6.93 3
 635.74686  31.48   6.44 3
 635.74801  35.18   7.00 3
 635.74917  24.74   6.22 3
 635.75033  28.86   6.73 3
 635.75149  28.75   6.39 3
 635.75264  38.59   7.18 3
 635.75380  41.57   7.50 3
 635.75496  34.96   6.96 3
 635.75611  43.91   8.08 3
 635.75727  27.94   6.38 3
 635.75843  16.80   5.00 3
 635.75959  38.60   7.41 3
 635.76074  31.68   6.73 3
 635.76190  37.70   7.22 3
 635.76306  13.05   5.68 3
 635.76422  25.86   5.78 3
 635.76537  22.09   5.36 3
 635.76653  36.45   7.71 3
 635.76769  31.41   6.43 3
 635.76885  46.64   7.97 3
 635.77000  28.97   6.49 3
 635.77116  22.02   5.91 3
 635.77232  27.99   6.12 3
 635.77348  41.53   7.34 3
 635.77463  22.42   5.75 3
 635.77579  29.64   6.58 3
 635.77695  32.62   6.53 3
 635.77811  30.90   6.31 3
 635.77926  37.98   7.06 3
 635.78042  46.65   7.92 3
 635.78158  22.30   5.72 3
 635.78274  25.63   6.43 3
 635.78389  27.39   5.98 3
 635.78505  39.97   7.47 3
 635.78621  36.38   6.88 3
 635.78736  33.11   6.64 3
 635.78852  19.91   5.16 3
 635.78968  30.55   6.64 3
 635.79084  27.74   6.33 3
 635.79199  22.00   5.63 3
 635.79315  24.53   6.44 3
 635.79431  29.97   6.42 3
 635.79547  24.99   5.75 3
 635.79662  19.45   5.63 3
 635.79778  32.32   6.73 3
 635.79894  29.92   6.25 3
 635.80010  29.42   6.29 3
 635.80125  33.20   6.89 3
 635.80241  23.34   6.05 3
 635.80357  35.43   6.83 3
 635.80473  35.46   6.83 3
 635.80588  41.44   7.33 3
 635.80704  35.10   6.76 3
 635.80820  30.98   6.32 3
 635.80936  24.03   5.96 3
 635.81051  45.89   8.17 3
 635.81167  27.10   6.57 3
 635.81283  23.76   5.91 3
 635.81399  30.16   6.55 3
 635.81514  24.21   6.00 3
 635.81630  50.11   8.53 3
 635.81746  32.77   6.80 3
 635.81861  37.72   7.69 3
 635.81977  31.70   6.71 3
 635.82093  29.02   6.46 3
 635.82209  39.38   7.21 3
 635.82324  53.40   8.35 3
 635.82440  16.79   4.66 3
 635.82556  30.42   6.88 3
 635.82672  41.84   7.40 3
 635.82787  28.44   6.84 3
 635.82903  32.57   7.00 3
 635.83019  30.93   6.98 3
 635.83135  34.21   6.72 3
 635.83250  36.18   7.29 3
 635.83366  32.57   6.93 3
 635.83482  37.25   7.50 3
 635.83598  27.18   6.20 3
 635.83713  33.65   6.83 3
 635.83829  38.39   7.57 3
 635.83945  34.35   6.99 3
 635.84061  25.70   6.43 3
 635.84176  28.47   6.33 3
 635.84292  30.41   6.36 3
 635.84408  30.30   6.34 3
 635.84524  34.72   6.83 3
 635.84639  31.16   6.84 3
 635.84755  31.81   6.75 3
 635.84871  28.84   6.90 3
 635.84986  34.86   6.71 3
 635.85102  33.84   6.87 3
 635.85218  28.90   6.17 3
 635.85334  27.46   6.26 3
 635.85449  43.21   7.53 3
 635.85565  28.72   6.13 3
 635.85681  30.15   6.30 3
 635.85797  35.54   7.38 3
 635.85912  36.55   7.14 3
 635.86028  29.80   6.46 3
 635.86144  33.38   6.71 3
 635.86260  40.60   7.30 3
 635.86375  43.80   7.73 3
 635.86491  27.41   6.25 3
 635.86607  29.84   6.48 3
 635.86723  27.22   6.21 3
 635.86838  38.39   7.15 3
 635.86954  39.09   7.79 3
 635.87070  36.03   7.20 3
 635.87186  34.08   7.16 3
 635.87301  25.98   5.81 3
 635.87417  21.96   5.61 3
 635.87533  35.58   7.25 3
 635.87649  29.34   6.79 3
 635.87764  25.57   5.89 3
 635.87880  20.64   5.95 3
 635.87996  22.40   5.72 3
 635.88111  14.31   4.67 3
 635.88227  24.31   5.76 3
 635.88343  31.61   6.64 3
 635.88459  30.14   6.55 3
 635.88574  31.45   6.68 3
 635.88690  19.30   4.98 3
 635.88806  24.50   6.18 3
 635.88922  39.15   7.16 3
 635.89037  29.86   6.48 3
 635.89153  24.66   5.66 3
 635.89269  20.78   6.02 3
 635.89385  24.68   6.21 3
 635.89500  16.82   5.79 3
 635.89616  24.98   5.73 3
 635.89732  31.08   6.51 3
 635.89848  20.75   5.49 3
 635.89963  25.95   5.80 3
 635.90079  30.07   6.53 3
 635.90195  21.16   5.30 3
 635.90311  25.68   6.45 3
 635.90426  24.82   5.98 3
 635.90542  25.32   6.11 3
 635.90658  22.34   6.26 3
 635.90774  34.88   7.56 3
 635.90889  23.21   5.47 3
 635.91005  19.52   5.92 3
 635.91121  16.07   6.17 3
 635.91236  20.93   5.24 3
 635.91352  39.33   7.56 3
 635.91468  23.97   5.67 3
 635.91584  32.49   6.75 3
 635.91699  18.19   4.86 3
 635.91815  42.02   7.64 3
 635.91931  32.63   7.18 3
 635.92047  35.94   6.94 3
 635.92162  31.47   6.67 3
 635.92278  29.76   6.21 3
 635.92394  26.13   6.29 3
 635.92510  21.06   5.27 3
 635.92625  25.09   6.03 3
 635.92741  31.10   6.35 3
 635.92857  33.34   6.68 3
 635.92973  18.28   5.53 3
 635.93088  15.59   4.50 3
 635.93204  15.97   5.27 3
 635.93320  19.83   5.73 3
 635.93436  17.40   5.16 3
 635.93551  19.79   5.71 3
 635.93667  23.27   5.48 3
 635.93783  20.92   5.54 3
 635.93899  27.48   6.00 3
 635.94014  28.50   6.08 3
 635.94130  27.40   5.98 3
 635.94246  22.27   5.41 3
 635.94361  13.19   4.90 3
 635.94477  28.44   6.06 3
 635.94593  22.20   5.38 3
 635.94709  11.57   4.62 3
 635.94824  23.36   5.79 3
 635.94940  19.45   5.34 3
 635.95056  21.93   6.22 3
 635.95172  16.81   4.66 3
 635.95287  26.15   5.86 3
 635.95403  25.23   6.08 3
 635.95519  29.26   6.26 3
 635.95635   9.33   3.53 3
 635.95750  16.20   4.70 3
 635.95866  21.26   5.90 3
 635.95982  13.43   4.95 3
 635.96098  19.05   5.70 3
 635.96213  23.56   5.84 3
 635.96329  14.27   4.30 3
 635.96445  16.01   4.63 3
 635.96561  29.39   6.54 3
 635.96676  24.83   6.24 3
 635.96792  34.91   6.72 3
 635.96908  23.83   5.91 3
 635.97024  23.21   5.75 3
 635.97139  15.78   5.21 3
 635.97255  20.71   5.18 3
 635.97371  19.78   5.42 3
 635.97486  17.11   4.75 3
 635.97602  20.84   5.52 3
 635.97718  15.98   4.63 3
 635.97834  22.36   5.43 3
 635.97949  21.95   5.32 3
 635.98065  31.48   6.44 3
 635.98181  14.61   5.08 3
 635.98297  18.14   5.47 3
 635.98412  19.47   5.35 3
 635.98528  34.00   6.68 3
 635.98644  27.61   6.96 3
 635.98760  24.72   5.68 3
 635.98875  24.49   6.17 3
 635.98991  16.03   4.64 3
 635.99107  18.18   5.17 3
 635.99223  29.96   6.25 3
 635.99338  26.44   6.19 3
 635.99454  19.34   5.31 3
 635.99570  17.95   5.42 3
 635.99686  23.96   5.93 3
 635.99801  27.27   5.95 3
 635.99917  15.90   4.60 3
 636.00033  23.24   5.76 3
 636.00149  39.49   7.22 3
 636.00264  31.18   7.26 3
 636.00380  44.46   7.84 3
 636.00496  31.47   6.44 3
 636.00611  53.08   8.29 3
 636.00727  48.51   9.05 3
 636.00843  53.81   8.42 3
 636.00959  49.31   8.21 3
 636.01074  40.39   7.62 3
 636.01190  40.83   7.80 3
 636.01306  69.39   9.72 3
 636.01422  64.78  10.00 3
 636.01537  63.33   9.34 3
 636.01653  83.33  10.73 3
 636.01769 113.74  12.21 3
 636.01885  79.85  10.40 3
 636.02000 127.17  13.31 3
 636.02116 142.18  13.98 3
 636.02232 139.82  14.00 3
 636.02348 173.75  15.51 3
 636.02463 201.07  16.61 3
 636.02579 194.37  16.31 3
 636.02695 198.54  16.32 3
 636.02811 191.96  16.15 3
 636.02926 184.37  16.02 3
 636.03042 180.29  15.68 3
 636.03158 240.25  18.15 3
 636.03274 165.22  15.17 3
 636.03389 155.84  14.35 3
 636.03505 167.89  15.19 3
 636.03621 149.08  14.13 3
 636.03736 157.24  14.38 3
 636.03852 165.66  15.07 3
 636.03968 131.49  13.35 3
 636.04084 135.28  13.27 3
 636.04199 108.59  11.94 3
 636.04315  99.90  12.29 3
 636.04431  98.70  11.47 3
 636.04547 107.47  11.97 3
 636.04662  75.14   9.87 3
 636.04778  83.52  10.90 3
 636.04894  76.04  10.25 3
 636.05010  70.62   9.96 3
 636.05125  51.69   8.81 3
 636.05241  54.27   8.87 3
 636.05357  52.31   8.66 3
 636.05473  38.13   7.30 3
 636.05588  44.45   8.37 3
 636.05704  35.67   6.88 3
 636.05820  38.73   7.65 3
 636.05936  36.30   6.86 3
 636.06051  25.67   6.46 3
 636.06167  30.15   6.80 3
 636.06283  38.64   7.20 3
 636.06399  34.29   6.74 3
 636.06514  29.20   6.24 3
 636.06630  25.00   6.52 3
 636.06746  27.38   6.24 3
 636.06861  22.43   5.99 3
 636.06977  25.12   6.03 3
 636.07093  40.26   7.23 3
 636.07209  26.35   5.90 3
 636.07324  28.51   6.08 3
 636.07440  21.00   6.11 3
 636.07556  27.03   5.90 3
 636.07672  18.10   5.70 3
 636.07787  34.95   7.48 3
 636.07903  23.72   6.40 3
 636.08019  17.21   6.29 3
 636.08135  25.90   6.05 3
 636.08250  27.24   5.94 3
 636.08366  24.08   5.70 3
 636.08482  35.69   6.89 3
 636.08598  23.21   5.94 3
 636.08713  28.84   6.52 3
 636.08829  30.12   6.54 3
 636.08945  41.01   7.59 3
 636.09061  22.21   5.39 3
 636.09176  33.53   6.83 3
 636.09292  23.46   6.10 3
 636.09408  30.30   6.58 3
 636.09524  27.93   6.78 3
 636.09639  20.74   5.19 3
 636.09755  25.84   6.06 3
 636.09871  29.82   6.50 3
 636.09986  25.56   6.41 3
 636.10102  26.21   5.87 3
 636.10218  30.09   6.29 3
 636.10334  15.67   6.30 3
 636.10449  27.48   6.27 3
 636.10565  26.68   5.99 3
 636.10681  16.26   6.50 3
 636.10797  26.10   5.84 3
 636.10912  31.86   6.52 3
 636.11028  32.38   6.48 3
 636.11144  40.74   7.33 3
 636.11260  32.44   6.49 3
 636.11375  42.68   7.64 3
 636.11491  25.82   6.05 3
 636.11607  20.75   6.31 3
 636.11723  18.21   5.78 3
 636.11838  31.02   6.74 3
 636.11954  33.68   6.86 3
 636.12070  18.27   5.21 3
 636.12186  19.62   5.08 3
 636.12301  40.43   7.48 3
 636.12417  30.06   6.52 3
 636.12533  31.35   6.40 3
 636.12649  31.51   6.70 3
 636.12764  28.78   6.40 3
 636.12880  26.50   6.20 3
 636.12996  37.74   7.23 3
 636.13111  30.32   6.83 3
 636.13227  28.70   6.38 3
 636.13343  41.68   7.37 3
 636.13459  29.96   6.75 3
 636.13574  27.53   6.93 3
 636.13690  24.74   6.48 3
 636.13806  34.14   6.71 3
 636.13922  46.70   8.00 3
 636.14037  30.99   6.33 3
 636.14153  29.38   7.15 3
 636.14269  35.48   7.07 3
 636.14385  23.35   6.06 3
 636.14500  35.73   6.89 3
 636.14616  20.79   5.78 3
 636.14732  40.73   7.33 3
 636.14848  33.29   6.68 3
 636.14963  32.85   6.81 3
 636.15079  29.62   7.07 3
 636.15195  18.58   5.29 3
 636.15311  37.00   7.00 3
 636.15426  42.21   7.48 3
 636.15542  28.44   6.33 3
 636.15658  27.62   6.04 3
 636.15774  44.88   8.25 3
 636.15889  31.59   6.70 3
 636.16005  32.64   6.77 3
 636.16121  34.12   6.93 3
 636.16236  37.62   7.35 3
 636.16352  38.69   7.64 3
 636.16468  36.61   7.41 3
 636.16584  42.36   7.50 3
 636.16699  38.79   7.52 3
 636.16815  33.06   6.63 3
 636.16931  40.96   7.38 3
 636.17047  30.37   6.84 3
 636.17162  31.21   6.61 3
 636.17278  29.92   6.41 3
 636.17394  41.57   7.35 3
 636.17510  26.13   5.84 3
 636.17625  27.17   5.93 3
 636.17741  43.42   7.57 3
 636.17857  32.94   6.83 3
 636.17973  33.69   6.85 3
 636.18088  41.03   7.53 3
 636.18204  33.03   6.85 3
 636.18320  32.66   7.23 3
 636.18436  32.72   6.92 3
 636.18551  24.91   6.02 3
 636.18667  32.49   7.21 3
 636.18783  34.95   6.96 3
 636.18899  32.83   7.52 3
 636.19014  33.02   7.36 3
 636.19130  38.57   7.18 3
 636.19246  27.25   6.21 3
 636.19361  39.38   7.19 3
 636.19477  32.57   6.52 3
 636.19593  35.05   6.98 3
 636.19709  27.40   5.98 3
 636.19824  30.91   6.72 3
 636.19940  32.05   6.81 3
 636.20056  36.38   7.34 3
 636.20172  29.65   6.18 3
 636.20287  32.79   7.35 3
 636.20403  32.34   6.73 3
 636.20519  22.92   5.58 3
 636.20635  23.30   5.49 3
 636.20750  31.05   6.58 3
 636.20866  20.72   5.50 3
 636.20982  27.61   6.04 3
 636.21098  29.84   6.71 3
 636.21213  24.51   6.16 3
 636.21329  28.78   6.40 3
 636.21445  14.28   4.68 3
 636.21561  31.17   6.85 3
 636.21676  16.94   5.02 3
 636.21792  32.75   7.46 3
 636.21908  37.67   7.22 3
 636.22024  20.81   5.20 3
 636.22139  29.01   6.19 3
 636.22255  32.34   6.71 3
 636.22371  29.67   6.75 3
 636.22486  25.80   5.96 3
 636.22602  31.13   6.60 3
 636.22718  19.55   5.65 3
 636.22834  21.29   5.62 3
 636.22949  24.61   5.65 3
 636.23065  24.90   6.48 3
 636.23181  35.27   6.80 3
 636.23297  20.83   6.09 3
 636.23412  25.16   6.06 3
 636.23528  25.90   5.79 3
 636.23644  30.47   6.85 3
 636.23760  43.07   7.73 3
 636.23875  41.78   7.60 3
 636.23991  27.11   6.19 3
 636.24107  29.06   6.48 3
 636.24223  29.81   6.22 3
 636.24338  23.12   6.37 3
 636.24454  32.44   6.73 3
 636.24570  23.38   5.51 3
 636.24686  34.02   7.30 3
 636.24801  15.21   4.97 3
 636.24917  18.79   5.04 3
 636.25033  24.81   5.96 3
 636.25149  25.09   6.25 3
 636.25264  19.66   5.67 3
 636.25380  29.95   6.67 3
 636.25496  39.52   7.66 3
 636.25611  30.97   6.96 3
 636.25727  28.87   6.16 3
 636.25843  18.25   5.80 3
 636.25959  27.08   5.91 3
 636.26074  23.58   5.57 3
 636.26190  34.84   7.39 3
 636.26306  21.49   6.22 3
 636.26422  25.87   6.52 3
 636.26537  26.67   6.26 3
 636.26653  26.78   6.01 3
 636.26769  18.41   5.43 3
 636.26885  17.97   5.78 3
 636.27000  25.58   5.89 3
 636.27116  15.59   4.95 3
 636.27232  20.61   5.46 3
 636.27348  12.66   5.24 3
 636.27463  14.62   4.42 3
 636.27579  19.33   5.75 3
 636.27695  23.65   5.59 3
 636.27811  21.29   5.35 3
 636.27926  17.50   4.88 3
 636.28042  22.64   5.51 3
 636.28158  24.96   6.58 3
 636.28274  20.73   5.18 3
 636.28389   9.59   4.45 3
 636.28505  11.81   3.94 3
 636.28621  10.36   4.07 3
 636.28736  13.30   4.23 3
 636.28852  15.51   4.84 3
 636.28968   9.11   3.44 3
 636.29084  23.87   6.18 3
 636.29199  22.75   5.54 3
 636.29315   6.51   3.86 3
 636.29431  17.05   4.74 3
 636.29547  20.75   5.49 3
 636.29662  26.47   5.93 3
 636.29778  15.91   5.82 3
 636.29894  31.07   6.34 3
 636.30010  25.83   6.04 3
 636.30125  24.44   6.07 3
 636.30241  25.88   6.06 3
 636.30357  20.29   6.12 3
 636.30473  25.80   6.71 3
 636.30588  11.65   3.88 3
 636.30704  33.79   6.86 3
 636.30820  26.54   6.21 3
 636.30936  14.41   5.01 3
 636.31051  25.96   6.08 3
 636.31167  18.15   5.18 3
 636.31283  12.09   4.43 3
 636.31399  19.98   5.47 3
 636.31514  19.80   5.12 3
 636.31630  18.65   5.32 3
 636.31746  23.34   6.08 3
 636.31861  31.67   6.48 3
 636.31977  25.53   5.89 3
 636.32093  16.90   5.02 3
 636.32209  24.55   5.63 3
 636.32324  11.69   5.01 3
 636.32440  12.95   5.35 3
 636.32556  19.41   5.32 3
 636.32672  10.76   4.58 3
 636.32787  18.55   4.98 3
 636.32903  19.71   5.40 3
 636.33019  15.53   4.48 3
 636.33135  29.72   6.70 3
 636.33250  17.31   5.14 3
 636.33366  28.43   6.06 3
 636.33482  18.11   5.47 3
 636.33598  24.57   5.91 3
 636.33713  25.08   6.31 3
 636.33829  15.59   5.15 3
 636.33945  15.57   4.86 3
 636.34061  20.73   5.49 3
 636.34176  30.26   6.57 3
 636.34292  16.03   4.97 3
 636.34408  29.03   6.44 3
 636.34524  17.04   5.05 3
 636.34639  30.42   6.85 3
 636.34755  28.68   6.13 3
 636.34871  21.80   5.78 3
 636.34986  20.90   5.23 3
 636.35102  27.31   5.96 3
 636.35218  24.94   6.00 3
 636.35334  35.36   7.05 3
 636.35449  18.95   5.67 3
 636.35565  16.89   5.34 3
 636.35681  22.16   5.94 3
 636.35797  24.49   6.16 3
 636.35912  15.48   5.55 3
 636.36028  18.70   5.88 3
 636.36144  22.77   6.36 3
 636.36260  20.98   5.25 3
 636.36375  32.42   6.49 3
 636.36491  24.60   5.92 3
 636.36607  33.21   6.66 3
 636.36723  14.27   4.66 3
 636.36838  25.87   6.51 3
 636.36954  25.96   6.48 3
 636.37070  21.35   5.93 3
 636.37186  39.43   7.20 3
 636.37301  22.17   5.68 3
 636.37417  23.66   6.42 3
 636.37533  21.74   6.30 3
 636.37649  34.92   6.88 3
 636.37764  44.17   7.72 3
 636.37880  37.11   7.25 3
 636.37996  24.68   5.66 3
 636.38111  34.88   6.71 3
 636.38227  27.72   6.33 3
 636.38343  39.91   8.08 3
 636.38459  23.40   6.57 3
 636.38574  35.46   7.06 3
 636.38690  31.19   7.33 3
 636.38806  26.22   6.88 3
 636.38922  42.78   7.66 3
 636.39037  24.03   6.14 3
 636.39153  46.06   8.35 3
 636.39269  47.67   8.75 3
 636.39385  44.34   8.26 3
 636.39500  40.41   8.10 3
 636.39616  44.56   8.40 3
 636.39732  47.81   8.72 3
 636.39848  66.79   9.70 3
 636.39963  68.37  10.25 3
 636.40079  68.90  10.39 3
 636.40195  73.38   9.98 3
 636.40311  64.00   9.72 3
 636.40426 107.23  11.86 3
 636.40542 104.00  12.64 3
 636.40658 114.38  12.80 3
 636.40774 133.69  13.73 3
 636.40889 118.64  12.80 3
 636.41005 136.91  13.96 3
 636.41121 121.20  13.92 3
 636.41236 175.96  15.68 3
 636.41352 188.95  16.11 3
 636.41468 179.59  15.88 3
 636.41584 208.75  17.18 3
 636.41699 175.87  15.87 3
 636.41815 189.49  16.95 3
 636.41931 162.78  15.68 3
 636.42047 159.42  15.40 3
 636.42162 144.59  15.07 3
 636.42278 138.74  14.34 3
 636.42394 151.21  15.20 3
 636.42510 122.03  13.34 3
 636.42625 125.45  13.65 3
 636.42741 121.67  14.03 3
 636.42857 103.34  12.37 3
 636.42973 106.10  13.23 3
 636.43088  98.51  12.36 3
 636.43204  79.07  12.34 3
 636.43320  78.37  11.14 3
 636.43436  51.65  10.86 3
 636.43551  75.47  12.86 3
 636.43667  68.65  11.94 3
 636.43783  58.65  11.76 3
 636.43899  48.04  11.39 3
