Time 			Rate 	Error
58528.6930764498829 0 0.0000000
58528.6934236721063 0 0.0000000
58528.6937708943296 0 0.0000000
58528.6941181165530 0 0.0000000
58528.6944653387764 0 0.0000000
58528.6948125609924 0 0.0000000
58528.6951597832158 0 0.0000000
58528.6955070054391 0 0.0000000
58528.6958542276625 0 0.0000000
58528.6962014498858 0 0.0000000
58528.6965486721019 0 0.0000000
58528.6968958943253 0 0.0000000
58528.6972431165486 0 0.0000000
58528.6975903387720 0 0.0000000
58528.6979375609953 0 0.0000000
58528.6982847832187 0 0.0000000
58528.6986320054421 0 0.0000000
58528.6989792276581 0 0.0000000
58528.6993264498815 0 0.0000000
58528.6996736721048 0 0.0000000
58528.7000208943282 0 0.0000000
58528.7003681165515 0 0.0000000
58528.7007153387749 0 0.0000000
58528.7010625609983 0 0.0000000
58528.7014097832143 0 0.0000000
58528.7017570054377 0 0.0000000
58528.7021042276610 0 0.0000000
58528.7024514498844 0 0.0000000
58528.7027986721077 0 0.0000000
58528.7031458943311 0 0.0000000
58528.7034931165545 0 0.0000000
58528.7038403387705 0 0.0000000
58528.7041875609939 1 1.0000000
58528.7045347832172 0 0.0000000
58528.7048820054406 0 0.0000000
58528.7052292276639 0 0.0000000
58528.7055764498800 0 0.0000000
58528.7059236721034 0 0.0000000
58528.7062708943267 0 0.0000000
58528.7066181165501 0 0.0000000
58528.7069653387734 0 0.0000000
58528.7073125609968 1 1.0000000
58528.7076597832202 0 0.0000000
58528.7080070054362 1 1.0000000
58528.7083542276596 0 0.0000000
58528.7087014498829 0 0.0000000
58528.7090486721063 0 0.0000000
58528.7093958943296 0 0.0000000
58528.7097431165530 0 0.0000000
58528.7100903387764 0 0.0000000
58528.7104375609924 0 0.0000000
58528.7107847832158 0 0.0000000
58528.7111320054391 0 0.0000000
58528.7114792276625 0 0.0000000
58528.7118264498858 0 0.0000000
58528.7121736721019 0 0.0000000
58528.7125208943253 0 0.0000000
58528.7128681165486 0 0.0000000
58528.7132153387720 0 0.0000000
58528.7135625609953 0 0.0000000
58528.7139097832187 0 0.0000000
58528.7142570054421 0 0.0000000
58528.7146042276581 0 0.0000000
58528.7149514498815 0 0.0000000
58528.7152986721048 0 0.0000000
58528.7156458943282 0 0.0000000
58528.7159931165515 0 0.0000000
58528.7163403387749 0 0.0000000
58528.7166875609983 0 0.0000000
58528.7170347832143 0 0.0000000
58528.7173820054377 0 0.0000000
58528.7177292276610 0 0.0000000
58528.7180764498844 0 0.0000000
58528.7184236721077 1 1.0000000
58528.7187708943311 0 0.0000000
58528.7191181165545 0 0.0000000
58528.7194653387705 0 0.0000000
58528.7198125609939 1 1.0000000
58528.7201597832172 0 0.0000000
58528.7205070054406 0 0.0000000
58528.7208542276639 2 1.4142136
58528.7212014498800 1 1.0000000
58528.7215486721034 1 1.0000000
58528.7218958943267 1 1.0000000
58528.7222431165501 2 1.4142136
58528.7225903387734 2 1.4142136
58528.7229375609968 1 1.0000000
58528.7232847832202 0 0.0000000
58528.7236320054362 2 1.4142136
58528.7239792276596 0 0.0000000
58528.7243264498829 1 1.0000000
58528.7246736721063 1 1.0000000
58528.7250208943296 2 1.4142136
58528.7253681165530 3 1.7320508
58528.7257153387764 2 1.4142136
58528.7260625609924 1 1.0000000
58528.7264097832158 1 1.0000000
58528.7267570054391 4 2.0000000
58528.7271042276625 1 1.0000000
58528.7274514498858 1 1.0000000
58528.7277986721019 1 1.0000000
58528.7281458943253 2 1.4142136
58528.7284931165486 1 1.0000000
58528.7288403387720 0 0.0000000
58528.7291875609953 1 1.0000000
58528.7295347832187 1 1.0000000
58528.7298820054421 1 1.0000000
58528.7302292276581 0 0.0000000
58528.7305764498815 2 1.4142136
58528.7309236721048 3 1.7320508
58528.7312708943282 3 1.7320508
58528.7316181165515 0 0.0000000
58528.7319653387749 5 2.2360680
58528.7323125609983 2 1.4142136
58528.7326597832143 3 1.7320508
58528.7330070054377 0 0.0000000
58528.7333542276610 2 1.4142136
58528.7337014498844 2 1.4142136
58528.7340486721077 1 1.0000000
58528.7343958943311 1 1.0000000
58528.7347431165545 0 0.0000000
58528.7350903387705 1 1.0000000
58528.7354375609939 4 2.0000000
58528.7357847832172 2 1.4142136
58528.7361320054406 1 1.0000000
58528.7364792276639 1 1.0000000
58528.7368264498800 1 1.0000000
58528.7371736721034 1 1.0000000
58528.7375208943267 3 1.7320508
58528.7378681165501 1 1.0000000
58528.7382153387734 2 1.4142136
58528.7385625609968 0 0.0000000
58528.7389097832202 3 1.7320508
58528.7392570054362 3 1.7320508
58528.7396042276596 3 1.7320508
58528.7399514498829 3 1.7320508
58528.7402986721063 4 2.0000000
58528.7406458943296 1 1.0000000
58528.7409931165530 1 1.0000000
58528.7413403387764 0 0.0000000
58528.7416875609924 0 0.0000000
58528.7420347832158 0 0.0000000
58528.7423820054391 0 0.0000000
58528.7427292276625 0 0.0000000
58528.7430764498858 0 0.0000000
58528.7434236721019 1 1.0000000
58528.7437708943253 0 0.0000000
58528.7441181165486 2 1.4142136
58528.7444653387720 1 1.0000000
58528.7448125609953 1 1.0000000
58528.7451597832187 0 0.0000000
58528.7455070054421 0 0.0000000
58528.7458542276581 0 0.0000000
58528.7462014498815 0 0.0000000
58528.7465486721048 0 0.0000000
58528.7468958943282 1 1.0000000
58528.7472431165515 1 1.0000000
58528.7475903387749 1 1.0000000
58528.7479375609983 1 1.0000000
58528.7482847832143 0 0.0000000
58528.7486320054377 1 1.0000000
58528.7489792276610 1 1.0000000
58528.7493264498844 0 0.0000000
58528.7496736721077 2 1.4142136
58528.7500208943311 1 1.0000000
58528.7503681165545 1 1.0000000
58528.7507153387705 0 0.0000000
58528.7510625609939 0 0.0000000
58528.7514097832172 0 0.0000000
58528.7517570054406 1 1.0000000
58528.7521042276639 1 1.0000000
58528.7524514498800 0 0.0000000
58528.7527986721034 1 1.0000000
58528.7531458943267 0 0.0000000
58528.7534931165501 0 0.0000000
58528.7538403387734 0 0.0000000
58528.7541875609968 0 0.0000000
58528.7545347832202 1 1.0000000
58528.7548820054362 0 0.0000000
58528.7552292276596 0 0.0000000
58528.7555764498829 0 0.0000000
58528.7559236721063 0 0.0000000
58528.7562708943296 0 0.0000000
58528.7566181165530 0 0.0000000
58528.7569653387764 0 0.0000000
58528.7573125609924 0 0.0000000
58528.7576597832158 0 0.0000000
58528.7580070054391 1 1.0000000
58528.7583542276625 0 0.0000000
58528.7587014498858 0 0.0000000
58528.7590486721019 0 0.0000000
58528.7593958943253 0 0.0000000
58528.7597431165486 0 0.0000000
58528.7600903387720 0 0.0000000
58528.7604375609953 0 0.0000000
58528.7607847832187 1 1.0000000
58528.7611320054421 0 0.0000000
58528.7614792276581 0 0.0000000
58528.7618264498815 1 1.0000000
58528.7621736721048 0 0.0000000
58528.7625208943282 0 0.0000000
58528.7628681165515 0 0.0000000
58528.7632153387749 0 0.0000000
58528.7635625609983 1 1.0000000
58528.7639097832143 0 0.0000000
58528.7642570054377 0 0.0000000
58528.7646042276610 0 0.0000000
58528.7649514498844 0 0.0000000
58528.7652986721077 0 0.0000000
58528.7656458943311 0 0.0000000
58528.7659931165545 0 0.0000000
58528.7663403387705 0 0.0000000
58528.7666875609939 0 0.0000000
58528.7670347832172 0 0.0000000
58528.7673820054406 0 0.0000000
58528.7677292276639 0 0.0000000
58528.7680764498800 0 0.0000000
58528.7684236721034 0 0.0000000
58528.7687708943267 0 0.0000000
58528.7691181165501 1 1.0000000
58528.7694653387734 0 0.0000000
58528.7698125609968 0 0.0000000
58528.7701597832202 0 0.0000000
58528.7705070054362 0 0.0000000
58528.7708542276596 0 0.0000000
58528.7712014498829 0 0.0000000
58528.7715486721063 0 0.0000000
58528.7718958943296 0 0.0000000
58528.7722431165530 0 0.0000000
58528.7725903387764 0 0.0000000
58528.7729375609924 0 0.0000000
58528.7732847832158 0 0.0000000
58528.7736320054391 0 0.0000000
58528.7739792276625 0 0.0000000
58528.7743264498858 0 0.0000000
58528.7746736721019 0 0.0000000
58528.7750208943253 0 0.0000000
58528.7753681165486 0 0.0000000
58528.7757153387720 0 0.0000000
58528.7760625609953 0 0.0000000
58528.7764097832187 0 0.0000000
58528.7767570054421 0 0.0000000
58528.7771042276581 0 0.0000000
58528.7774514498815 0 0.0000000
58528.7777986721048 0 0.0000000
58528.7781458943282 0 0.0000000
58528.7784931165515 0 0.0000000
58528.7788403387749 0 0.0000000
58528.7791875609983 0 0.0000000
58528.7795347832143 0 0.0000000
58528.7798820054377 1 1.0000000
58528.7802292276610 0 0.0000000
58528.7805764498844 0 0.0000000
58528.7809236721077 0 0.0000000
58528.7812708943311 0 0.0000000
58528.7816181165545 0 0.0000000
58528.7819653387705 0 0.0000000
58528.7823125609939 0 0.0000000
58528.7826597832172 0 0.0000000
58528.7830070054406 0 0.0000000
58528.7833542276639 0 0.0000000
58528.7837014498800 0 0.0000000
58528.7840486721034 0 0.0000000
58528.7843958943267 0 0.0000000
58528.7847431165501 0 0.0000000
58528.7850903387734 0 0.0000000
58528.7854375609968 1 1.0000000
58528.7857847832202 0 0.0000000
58528.7861320054362 0 0.0000000
58528.7864792276596 0 0.0000000
58528.7868264498829 0 0.0000000
58528.7871736721063 0 0.0000000
58528.7875208943296 0 0.0000000
58528.7878681165530 0 0.0000000
58528.7882153387764 0 0.0000000
58528.7885625609924 0 0.0000000
58528.7889097832158 0 0.0000000
58528.7892570054391 0 0.0000000
58528.7896042276625 0 0.0000000
58528.7899514498858 0 0.0000000
58528.7902986721019 0 0.0000000
58528.7906458943253 0 0.0000000
58528.7909931165486 0 0.0000000
58528.7913403387720 0 0.0000000
58528.7916875609953 0 0.0000000
58528.7920347832187 0 0.0000000
58528.7923820054421 1 1.0000000
58528.7927292276581 0 0.0000000
58528.7930764498815 0 0.0000000
58528.7934236721048 0 0.0000000
58528.7937708943282 0 0.0000000
58528.7941181165515 1 1.0000000
58528.7944653387749 0 0.0000000
58528.7948125609983 0 0.0000000
58528.7951597832143 0 0.0000000
58528.7955070054377 0 0.0000000
58528.7958542276610 0 0.0000000
58528.7962014498844 0 0.0000000
58528.7965486721077 0 0.0000000
58528.7968958943311 0 0.0000000
58528.7972431165545 0 0.0000000
58528.7975903387705 0 0.0000000
58528.7979375609939 0 0.0000000
58528.7982847832172 0 0.0000000
58528.7986320054406 0 0.0000000
58528.7989792276639 0 0.0000000
58528.7993264498800 0 0.0000000
58528.7996736721034 1 1.0000000
58528.8000208943267 0 0.0000000
58528.8003681165501 0 0.0000000
58528.8007153387734 0 0.0000000
58528.8010625609968 0 0.0000000
58528.8014097832202 0 0.0000000
58528.8017570054362 0 0.0000000
58528.8021042276596 0 0.0000000
58528.8024514498829 0 0.0000000
58528.8027986721063 0 0.0000000
58528.8031458943296 0 0.0000000
58528.8034931165530 0 0.0000000
58528.8038403387764 0 0.0000000
58528.8041875609924 0 0.0000000
58528.8045347832158 0 0.0000000
58528.8048820054391 0 0.0000000
58528.8052292276625 0 0.0000000
58528.8055764498858 0 0.0000000
58528.8059236721019 0 0.0000000
58528.8062708943253 0 0.0000000
58528.8066181165486 0 0.0000000
58528.8069653387720 0 0.0000000
58528.8073125609953 0 0.0000000
58528.8076597832187 0 0.0000000
58528.8080070054421 0 0.0000000
58528.8083542276581 0 0.0000000
58528.8087014498815 0 0.0000000
58528.8090486721048 0 0.0000000
58528.8093958943282 0 0.0000000
58528.8097431165515 0 0.0000000
58528.8100903387749 0 0.0000000
58528.8104375609983 0 0.0000000
58528.8107847832143 0 0.0000000
58528.8111320054377 0 0.0000000
58528.8114792276610 0 0.0000000
58528.8118264498844 0 0.0000000
58528.8121736721077 0 0.0000000
58528.8125208943311 0 0.0000000
58528.8128681165545 0 0.0000000
58528.8132153387705 0 0.0000000
58528.8135625609939 1 1.0000000
58528.8139097832172 0 0.0000000
58528.8142570054406 0 0.0000000
58528.8146042276639 0 0.0000000
58528.8149514498800 0 0.0000000
58528.8152986721034 0 0.0000000
58528.8156458943267 0 0.0000000
58528.8159931165501 0 0.0000000
58528.8163403387734 0 0.0000000
58528.8166875609968 0 0.0000000
58528.8170347832202 0 0.0000000
58528.8173820054362 0 0.0000000
58528.8177292276596 0 0.0000000
58528.8180764498829 0 0.0000000
58528.8184236721063 0 0.0000000
58528.8187708943296 0 0.0000000
58528.8191181165530 1 1.0000000
58528.8194653387764 0 0.0000000
58528.8198125609924 0 0.0000000
58528.8201597832158 0 0.0000000
58528.8205070054391 0 0.0000000
58528.8208542276625 0 0.0000000
58528.8212014498858 1 1.0000000
58528.8215486721019 0 0.0000000
58528.8218958943253 0 0.0000000
58528.8222431165486 0 0.0000000
58528.8225903387720 0 0.0000000
58528.8229375609953 0 0.0000000
58528.8232847832187 0 0.0000000
58528.8236320054421 0 0.0000000
58528.8239792276581 0 0.0000000
58528.8243264498815 0 0.0000000
58528.8246736721048 0 0.0000000
58528.8250208943282 0 0.0000000
58528.8253681165515 0 0.0000000
58528.8257153387749 0 0.0000000
58528.8260625609983 0 0.0000000
58528.8264097832143 1 1.0000000
58528.8267570054377 0 0.0000000
58528.8271042276610 0 0.0000000
58528.8274514498844 0 0.0000000
58528.8277986721077 0 0.0000000
58528.8281458943311 0 0.0000000
58528.8284931165545 0 0.0000000
58528.8288403387705 0 0.0000000
58528.8291875609939 0 0.0000000
58528.8295347832172 1 1.0000000
58528.8298820054406 0 0.0000000
58528.8302292276639 0 0.0000000
58528.8305764498800 0 0.0000000
58528.8309236721034 0 0.0000000
58528.8312708943267 0 0.0000000
58528.8316181165501 0 0.0000000
58528.8319653387734 1 1.0000000
58528.8323125609968 0 0.0000000
58528.8326597832202 1 1.0000000
58528.8330070054362 0 0.0000000
58528.8333542276596 0 0.0000000
58528.8337014498829 0 0.0000000
58528.8340486721063 0 0.0000000
58528.8343958943296 0 0.0000000
58528.8347431165530 0 0.0000000
58528.8350903387764 0 0.0000000
58528.8354375609924 0 0.0000000
58528.8357847832158 0 0.0000000
58528.8361320054391 0 0.0000000
58528.8364792276625 0 0.0000000
58528.8368264498858 0 0.0000000
58528.8371736721019 0 0.0000000
58528.8375208943253 0 0.0000000
58528.8378681165486 0 0.0000000
58528.8382153387720 0 0.0000000
58528.8385625609953 0 0.0000000
58528.8389097832187 0 0.0000000
58528.8392570054421 0 0.0000000
58528.8396042276581 0 0.0000000
58528.8399514498815 0 0.0000000
58528.8402986721048 0 0.0000000
58528.8406458943282 0 0.0000000
58528.8409931165515 1 1.0000000
58528.8413403387749 0 0.0000000
58528.8416875609983 0 0.0000000
58528.8420347832143 0 0.0000000
58528.8423820054377 0 0.0000000
58528.8427292276610 0 0.0000000
58528.8430764498844 0 0.0000000
58528.8434236721077 0 0.0000000
58528.8437708943311 0 0.0000000
58528.8441181165545 0 0.0000000
58528.8444653387705 0 0.0000000
58528.8448125609939 0 0.0000000
58528.8451597832172 0 0.0000000
58528.8455070054406 0 0.0000000
58528.8458542276639 0 0.0000000
58528.8462014498800 0 0.0000000
58528.8465486721034 0 0.0000000
58528.8468958943267 0 0.0000000
58528.8472431165501 0 0.0000000
58528.8475903387734 0 0.0000000
58528.8479375609968 0 0.0000000
58528.8482847832202 0 0.0000000
58528.8486320054362 0 0.0000000
58528.8489792276596 0 0.0000000
58528.8493264498829 0 0.0000000
58528.8496736721063 0 0.0000000
58528.8500208943296 0 0.0000000
58528.8503681165530 0 0.0000000
58528.8507153387764 0 0.0000000
58528.8510625609924 0 0.0000000
58528.8514097832158 0 0.0000000
58528.8517570054391 0 0.0000000
58528.8521042276625 1 1.0000000
58528.8524514498858 0 0.0000000
58528.8527986721019 0 0.0000000
58528.8531458943253 0 0.0000000
58528.8534931165486 0 0.0000000
58528.8538403387720 0 0.0000000
58528.8541875609953 0 0.0000000
58528.8545347832187 0 0.0000000
58528.8548820054421 0 0.0000000
58528.8552292276581 0 0.0000000
58528.8555764498815 0 0.0000000
58528.8559236721048 0 0.0000000
58528.8562708943282 0 0.0000000
58528.8566181165515 0 0.0000000
58528.8569653387749 0 0.0000000
58528.8573125609983 0 0.0000000
58528.8576597832143 0 0.0000000
58528.8580070054377 0 0.0000000
58528.8583542276610 0 0.0000000
58528.8587014498844 0 0.0000000
58528.8590486721077 0 0.0000000
58528.8593958943311 0 0.0000000
58528.8597431165545 0 0.0000000
58528.8600903387705 0 0.0000000
58528.8604375609939 0 0.0000000
58528.8607847832172 0 0.0000000
58528.8611320054406 0 0.0000000
58528.8614792276639 0 0.0000000
58528.8618264498800 0 0.0000000
58528.8621736721034 0 0.0000000
58528.8625208943267 1 1.0000000
58528.8628681165501 0 0.0000000
58528.8632153387734 0 0.0000000
58528.8635625609968 0 0.0000000
58528.8639097832202 0 0.0000000
58528.8642570054362 0 0.0000000
58528.8646042276596 0 0.0000000
58528.8649514498829 0 0.0000000
58528.8652986721063 0 0.0000000
58528.8656458943296 0 0.0000000
58528.8659931165530 0 0.0000000
58528.8663403387764 0 0.0000000
58528.8666875609924 0 0.0000000
58528.8670347832158 0 0.0000000
58528.8673820054391 0 0.0000000
58528.8677292276625 0 0.0000000
58528.8680764498858 0 0.0000000
58528.8684236721019 0 0.0000000
58528.8687708943253 1 1.0000000
58528.8691181165486 0 0.0000000
58528.8694653387720 0 0.0000000
58528.8698125609953 0 0.0000000
58528.8701597832187 0 0.0000000
58528.8705070054421 0 0.0000000
58528.8708542276581 0 0.0000000
58528.8712014498815 0 0.0000000
58528.8715486721048 0 0.0000000
58528.8718958943282 0 0.0000000
58528.8722431165515 0 0.0000000
58528.8725903387749 0 0.0000000
58528.8729375609983 0 0.0000000
58528.8732847832143 0 0.0000000
58528.8736320054377 0 0.0000000
58528.8739792276610 0 0.0000000
58528.8743264498844 0 0.0000000
58528.8746736721077 0 0.0000000
58528.8750208943311 0 0.0000000
58528.8753681165545 0 0.0000000
58528.8757153387705 0 0.0000000
58528.8760625609939 0 0.0000000
58528.8764097832172 0 0.0000000
58528.8767570054406 0 0.0000000
58528.8771042276639 0 0.0000000
58528.8774514498800 0 0.0000000
58528.8777986721034 0 0.0000000
58528.8781458943267 0 0.0000000
58528.8784931165501 0 0.0000000
58528.8788403387734 1 1.0000000
58528.8791875609968 0 0.0000000
58528.8795347832202 0 0.0000000
58528.8798820054362 0 0.0000000
58528.8802292276596 0 0.0000000
58528.8805764498829 0 0.0000000
58528.8809236721063 0 0.0000000
58528.8812708943296 0 0.0000000
58528.8816181165530 0 0.0000000
58528.8819653387764 0 0.0000000
58528.8823125609924 0 0.0000000
58528.8826597832158 0 0.0000000
58528.8830070054391 0 0.0000000
58528.8833542276625 0 0.0000000
58528.8837014498858 0 0.0000000
58528.8840486721019 0 0.0000000
58528.8843958943253 0 0.0000000
58528.8847431165486 0 0.0000000
58528.8850903387720 0 0.0000000
58528.8854375609953 0 0.0000000
58528.8857847832187 0 0.0000000
58528.8861320054421 0 0.0000000
58528.8864792276581 0 0.0000000
58528.8868264498815 0 0.0000000
58528.8871736721048 0 0.0000000
58528.8875208943282 0 0.0000000
58528.8878681165515 0 0.0000000
58528.8882153387749 0 0.0000000
58528.8885625609983 0 0.0000000
58528.8889097832143 0 0.0000000
58528.8892570054377 0 0.0000000
58528.8896042276610 0 0.0000000
58528.8899514498844 0 0.0000000
58528.8902986721077 0 0.0000000
58528.8906458943311 0 0.0000000
58528.8909931165545 0 0.0000000
58528.8913403387705 0 0.0000000
58528.8916875609939 0 0.0000000
58528.8920347832172 0 0.0000000
58528.8923820054406 0 0.0000000
58528.8927292276639 0 0.0000000
58528.8930764498800 0 0.0000000
58528.8934236721034 0 0.0000000
58528.8937708943267 0 0.0000000
58528.8941181165501 0 0.0000000
58528.8944653387734 0 0.0000000
58528.8948125609968 0 0.0000000
58528.8951597832202 0 0.0000000
58528.8955070054362 0 0.0000000
58528.8958542276596 0 0.0000000
58528.8962014498829 0 0.0000000
58528.8965486721063 1 1.0000000
58528.8968958943296 0 0.0000000
58528.8972431165530 0 0.0000000
58528.8975903387764 0 0.0000000
58528.8979375609924 0 0.0000000
58528.8982847832158 0 0.0000000
58528.8986320054391 0 0.0000000
58528.8989792276625 0 0.0000000
58528.8993264498858 0 0.0000000
58528.8996736721019 0 0.0000000
58528.9000208943253 1 1.0000000
58528.9003681165486 0 0.0000000
58528.9007153387720 0 0.0000000
58528.9010625609953 0 0.0000000
58528.9014097832187 0 0.0000000
58528.9017570054421 0 0.0000000
58528.9021042276581 1 1.0000000
58528.9024514498815 0 0.0000000
58528.9027986721048 0 0.0000000
58528.9031458943282 0 0.0000000
58528.9034931165515 0 0.0000000
58528.9038403387749 0 0.0000000
58528.9041875609983 0 0.0000000
58528.9045347832143 0 0.0000000
58528.9048820054377 0 0.0000000
58528.9052292276610 0 0.0000000
58528.9055764498844 0 0.0000000
58528.9059236721077 0 0.0000000
58528.9062708943311 0 0.0000000
58528.9066181165545 0 0.0000000
58528.9069653387705 0 0.0000000
58528.9073125609939 0 0.0000000
58528.9076597832172 0 0.0000000
58528.9080070054406 0 0.0000000
58528.9083542276639 0 0.0000000
58528.9087014498800 0 0.0000000
58528.9090486721034 0 0.0000000
58528.9093958943267 0 0.0000000
58528.9097431165501 0 0.0000000
58528.9100903387734 0 0.0000000
58528.9104375609968 0 0.0000000
58528.9107847832202 0 0.0000000
58528.9111320054362 0 0.0000000
58528.9114792276596 0 0.0000000
58528.9118264498829 0 0.0000000
58528.9121736721063 0 0.0000000
58528.9125208943296 0 0.0000000
58528.9128681165530 0 0.0000000
58528.9132153387764 0 0.0000000
58528.9135625609924 0 0.0000000
58528.9139097832158 0 0.0000000
58528.9142570054391 0 0.0000000
58528.9146042276625 0 0.0000000
58528.9149514498858 0 0.0000000
58528.9152986721019 1 1.0000000
58528.9156458943253 0 0.0000000
58528.9159931165486 0 0.0000000
58528.9163403387720 0 0.0000000
58528.9166875609953 0 0.0000000
58528.9170347832187 1 1.0000000
58528.9173820054421 0 0.0000000
58528.9177292276581 0 0.0000000
58528.9180764498815 0 0.0000000
58528.9184236721048 0 0.0000000
58528.9187708943282 0 0.0000000
58528.9191181165515 0 0.0000000
58528.9194653387749 0 0.0000000
58528.9198125609983 0 0.0000000
58528.9201597832143 0 0.0000000
58528.9205070054377 0 0.0000000
58528.9208542276610 0 0.0000000
58528.9212014498844 0 0.0000000
58528.9215486721077 0 0.0000000
58528.9218958943311 0 0.0000000
58528.9222431165545 0 0.0000000
58528.9225903387705 0 0.0000000
58528.9229375609939 0 0.0000000
58528.9232847832172 0 0.0000000
58528.9236320054406 0 0.0000000
58528.9239792276639 0 0.0000000
58528.9243264498800 0 0.0000000
58528.9246736721034 0 0.0000000
58528.9250208943267 0 0.0000000
58528.9253681165501 0 0.0000000
58528.9257153387734 0 0.0000000
58528.9260625609968 0 0.0000000
58528.9264097832202 0 0.0000000
58528.9267570054362 0 0.0000000
58528.9271042276596 0 0.0000000
58528.9274514498829 0 0.0000000
58528.9277986721063 0 0.0000000
58528.9281458943296 0 0.0000000
58528.9284931165530 0 0.0000000
58528.9288403387764 0 0.0000000
58528.9291875609924 0 0.0000000
58528.9295347832158 0 0.0000000
58528.9298820054391 0 0.0000000
58528.9302292276625 1 1.0000000
58528.9305764498858 0 0.0000000
58528.9309236721019 0 0.0000000
58528.9312708943253 0 0.0000000
58528.9316181165486 0 0.0000000
58528.9319653387720 0 0.0000000
58528.9323125609953 0 0.0000000
58528.9326597832187 0 0.0000000
58528.9330070054421 0 0.0000000
58528.9333542276581 0 0.0000000
58528.9337014498815 0 0.0000000
58528.9340486721048 0 0.0000000
58528.9343958943282 0 0.0000000
58528.9347431165515 0 0.0000000
58528.9350903387749 0 0.0000000
58528.9354375609983 0 0.0000000
58528.9357847832143 0 0.0000000
58528.9361320054377 0 0.0000000
58528.9364792276610 1 1.0000000
58528.9368264498844 0 0.0000000
58528.9371736721077 0 0.0000000
58528.9375208943311 0 0.0000000
58528.9378681165545 1 1.0000000
58528.9382153387705 0 0.0000000
58528.9385625609939 0 0.0000000
58528.9389097832172 0 0.0000000
58528.9392570054406 0 0.0000000
58528.9396042276639 0 0.0000000
58528.9399514498800 0 0.0000000
58528.9402986721034 0 0.0000000
58528.9406458943267 0 0.0000000
58528.9409931165501 0 0.0000000
58528.9413403387734 0 0.0000000
58528.9416875609968 0 0.0000000
58528.9420347832202 0 0.0000000
58528.9423820054362 0 0.0000000
58528.9427292276596 0 0.0000000
58528.9430764498829 0 0.0000000
58528.9434236721063 0 0.0000000
58528.9437708943296 0 0.0000000
58528.9441181165530 0 0.0000000
58528.9444653387764 0 0.0000000
58528.9448125609924 0 0.0000000
58528.9451597832158 0 0.0000000
58528.9455070054391 0 0.0000000
58528.9458542276625 0 0.0000000
58528.9462014498858 0 0.0000000
58528.9465486721019 0 0.0000000
58528.9468958943253 0 0.0000000
58528.9472431165486 0 0.0000000
58528.9475903387720 0 0.0000000
58528.9479375609953 0 0.0000000
58528.9482847832187 0 0.0000000
58528.9486320054421 1 1.0000000
58528.9489792276581 0 0.0000000
58528.9493264498815 0 0.0000000
58528.9496736721048 0 0.0000000
58528.9500208943282 0 0.0000000
58528.9503681165515 0 0.0000000
58528.9507153387749 0 0.0000000
58528.9510625609983 0 0.0000000
58528.9514097832143 0 0.0000000
58528.9517570054377 0 0.0000000
58528.9521042276610 0 0.0000000
58528.9524514498844 0 0.0000000
58528.9527986721077 0 0.0000000
58528.9531458943311 0 0.0000000
58528.9534931165545 0 0.0000000
58528.9538403387705 0 0.0000000
58528.9541875609939 0 0.0000000
58528.9545347832172 0 0.0000000
58528.9548820054406 0 0.0000000
58528.9552292276639 0 0.0000000
58528.9555764498800 0 0.0000000
58528.9559236721034 0 0.0000000
58528.9562708943267 0 0.0000000
58528.9566181165501 1 1.0000000
58528.9569653387734 0 0.0000000
58528.9573125609968 0 0.0000000
58528.9576597832202 0 0.0000000
58528.9580070054362 0 0.0000000
58528.9583542276596 0 0.0000000
58528.9587014498829 0 0.0000000
58528.9590486721063 0 0.0000000
58528.9593958943296 0 0.0000000
58528.9597431165530 0 0.0000000
58528.9600903387764 0 0.0000000
58528.9604375609924 0 0.0000000
58528.9607847832158 0 0.0000000
58528.9611320054391 0 0.0000000
58528.9614792276625 0 0.0000000
58528.9618264498858 0 0.0000000
58528.9621736721019 0 0.0000000
58528.9625208943253 0 0.0000000
58528.9628681165486 0 0.0000000
58528.9632153387720 0 0.0000000
58528.9635625609953 0 0.0000000
58528.9639097832187 0 0.0000000
58528.9642570054421 0 0.0000000
58528.9646042276581 0 0.0000000
58528.9649514498815 0 0.0000000
58528.9652986721048 0 0.0000000
58528.9656458943282 1 1.0000000
58528.9659931165515 0 0.0000000
58528.9663403387749 0 0.0000000
58528.9666875609983 0 0.0000000
58528.9670347832143 0 0.0000000
58528.9673820054377 0 0.0000000
58528.9677292276610 0 0.0000000
58528.9680764498844 0 0.0000000
58528.9684236721077 0 0.0000000
58528.9687708943311 0 0.0000000
58528.9691181165545 0 0.0000000
58528.9694653387705 0 0.0000000
58528.9698125609939 0 0.0000000
58528.9701597832172 0 0.0000000
58528.9705070054406 0 0.0000000
58528.9708542276639 0 0.0000000
58528.9712014498800 0 0.0000000
58528.9715486721034 0 0.0000000
58528.9718958943267 0 0.0000000
58528.9722431165501 0 0.0000000
58528.9725903387734 0 0.0000000
58528.9729375609968 0 0.0000000
58528.9732847832202 0 0.0000000
58528.9736320054362 0 0.0000000
58528.9739792276596 0 0.0000000
58528.9743264498829 0 0.0000000
58528.9746736721063 0 0.0000000
58528.9750208943296 0 0.0000000
58528.9753681165530 0 0.0000000
58528.9757153387764 0 0.0000000
58528.9760625609924 0 0.0000000
58528.9764097832158 0 0.0000000
58528.9767570054391 0 0.0000000
58528.9771042276625 0 0.0000000
58528.9774514498858 0 0.0000000
58528.9777986721019 0 0.0000000
58528.9781458943253 0 0.0000000
58528.9784931165486 0 0.0000000
58528.9788403387720 0 0.0000000
58528.9791875609953 0 0.0000000
58528.9795347832187 0 0.0000000
58528.9798820054421 0 0.0000000
58528.9802292276581 0 0.0000000
58528.9805764498815 0 0.0000000
58528.9809236721048 0 0.0000000
58528.9812708943282 0 0.0000000
58528.9816181165515 0 0.0000000
58528.9819653387749 0 0.0000000
58528.9823125609983 0 0.0000000
58528.9826597832143 0 0.0000000
58528.9830070054377 0 0.0000000
58528.9833542276610 0 0.0000000
58528.9837014498844 0 0.0000000
58528.9840486721077 0 0.0000000
58528.9843958943311 0 0.0000000
58528.9847431165545 0 0.0000000
58528.9850903387705 0 0.0000000
58528.9854375609939 0 0.0000000
58528.9857847832172 0 0.0000000
58528.9861320054406 0 0.0000000
58528.9864792276639 0 0.0000000
58528.9868264498800 0 0.0000000
58528.9871736721034 0 0.0000000
58528.9875208943267 0 0.0000000
58528.9878681165501 0 0.0000000
58528.9882153387734 0 0.0000000
58528.9885625609968 0 0.0000000
58528.9889097832202 0 0.0000000
58528.9892570054362 0 0.0000000
58528.9896042276596 0 0.0000000
58528.9899514498829 0 0.0000000
58528.9902986721063 0 0.0000000
58528.9906458943296 0 0.0000000
58528.9909931165530 0 0.0000000
58528.9913403387764 0 0.0000000
58528.9916875609924 0 0.0000000
58528.9920347832158 0 0.0000000
58528.9923820054391 0 0.0000000
58528.9927292276625 0 0.0000000
58528.9930764498858 0 0.0000000
58528.9934236721019 0 0.0000000
58528.9937708943253 0 0.0000000
58528.9941181165486 0 0.0000000
58528.9944653387720 0 0.0000000
58528.9948125609953 0 0.0000000
58528.9951597832187 0 0.0000000
58528.9955070054421 0 0.0000000
58528.9958542276581 0 0.0000000
58528.9962014498815 0 0.0000000
58528.9965486721048 0 0.0000000
58528.9968958943282 1 1.0000000
58528.9972431165515 1 1.0000000
58528.9975903387749 0 0.0000000
58528.9979375609983 0 0.0000000
58528.9982847832143 0 0.0000000
58528.9986320054377 0 0.0000000
58528.9989792276610 0 0.0000000
58528.9993264498844 0 0.0000000
58528.9996736721077 0 0.0000000
58529.0000208943311 0 0.0000000
58529.0003681165545 0 0.0000000
58529.0007153387705 0 0.0000000
58529.0010625609939 0 0.0000000
58529.0014097832172 0 0.0000000
58529.0017570054406 0 0.0000000
58529.0021042276639 0 0.0000000
58529.0024514498800 0 0.0000000
58529.0027986721034 0 0.0000000
58529.0031458943267 0 0.0000000
58529.0034931165501 1 1.0000000
58529.0038403387734 0 0.0000000
58529.0041875609968 0 0.0000000
58529.0045347832202 0 0.0000000
58529.0048820054362 0 0.0000000
58529.0052292276596 0 0.0000000
58529.0055764498829 0 0.0000000
58529.0059236721063 0 0.0000000
58529.0062708943296 0 0.0000000
58529.0066181165530 0 0.0000000
58529.0069653387764 0 0.0000000
58529.0073125609924 0 0.0000000
58529.0076597832158 0 0.0000000
58529.0080070054391 0 0.0000000
58529.0083542276625 0 0.0000000
58529.0087014498858 0 0.0000000
58529.0090486721019 0 0.0000000
58529.0093958943253 0 0.0000000
58529.0097431165486 0 0.0000000
58529.0100903387720 0 0.0000000
58529.0104375609953 0 0.0000000
58529.0107847832187 0 0.0000000
58529.0111320054421 0 0.0000000
58529.0114792276581 0 0.0000000
58529.0118264498815 0 0.0000000
58529.0121736721048 0 0.0000000
58529.0125208943282 0 0.0000000
58529.0128681165515 0 0.0000000
58529.0132153387749 0 0.0000000
58529.0135625609983 0 0.0000000
58529.0139097832143 0 0.0000000
58529.0142570054377 0 0.0000000
58529.0146042276610 0 0.0000000
58529.0149514498844 0 0.0000000
58529.0152986721077 0 0.0000000
58529.0156458943311 0 0.0000000
58529.0159931165545 0 0.0000000
58529.0163403387705 0 0.0000000
58529.0166875609939 0 0.0000000
58529.0170347832172 0 0.0000000
58529.0173820054406 0 0.0000000
58529.0177292276639 0 0.0000000
58529.0180764498800 0 0.0000000
58529.0184236721034 0 0.0000000
58529.0187708943267 1 1.0000000
58529.0191181165501 0 0.0000000
58529.0194653387734 0 0.0000000
58529.0198125609968 0 0.0000000
58529.0201597832202 0 0.0000000
58529.0205070054362 0 0.0000000
58529.0208542276596 0 0.0000000
58529.0212014498829 0 0.0000000
58529.0215486721063 0 0.0000000
58529.0218958943296 0 0.0000000
58529.0222431165530 0 0.0000000
58529.0225903387764 0 0.0000000
58529.0229375609924 1 1.0000000
58529.0232847832158 0 0.0000000
58529.0236320054391 0 0.0000000
58529.0239792276625 0 0.0000000
58529.0243264498858 0 0.0000000
58529.0246736721019 0 0.0000000
58529.0250208943253 0 0.0000000
58529.0253681165486 0 0.0000000
58529.0257153387720 0 0.0000000
58529.0260625609953 0 0.0000000
58529.0264097832187 0 0.0000000
58529.0267570054421 0 0.0000000
58529.0271042276581 0 0.0000000
58529.0274514498815 0 0.0000000
58529.0277986721048 0 0.0000000
58529.0281458943282 0 0.0000000
58529.0284931165515 0 0.0000000
58529.0288403387749 1 1.0000000
58529.0291875609983 0 0.0000000
58529.0295347832143 0 0.0000000
58529.0298820054377 0 0.0000000
58529.0302292276610 0 0.0000000
58529.0305764498844 0 0.0000000
58529.0309236721077 0 0.0000000
58529.0312708943311 0 0.0000000
58529.0316181165545 0 0.0000000
58529.0319653387705 0 0.0000000
58529.0323125609939 0 0.0000000
58529.0326597832172 0 0.0000000
58529.0330070054406 0 0.0000000
58529.0333542276639 0 0.0000000
58529.0337014498800 0 0.0000000
58529.0340486721034 0 0.0000000
58529.0343958943267 0 0.0000000
58529.0347431165501 0 0.0000000
58529.0350903387734 0 0.0000000
58529.0354375609968 0 0.0000000
58529.0357847832202 0 0.0000000
58529.0361320054362 0 0.0000000
58529.0364792276596 0 0.0000000
58529.0368264498829 0 0.0000000
58529.0371736721063 1 1.0000000
58529.0375208943296 0 0.0000000
58529.0378681165530 0 0.0000000
58529.0382153387764 0 0.0000000
58529.0385625609924 0 0.0000000
58529.0389097832158 0 0.0000000
58529.0392570054391 0 0.0000000
58529.0396042276625 0 0.0000000
58529.0399514498858 0 0.0000000
58529.0402986721019 0 0.0000000
58529.0406458943253 0 0.0000000
58529.0409931165486 0 0.0000000
58529.0413403387720 0 0.0000000
58529.0416875609953 0 0.0000000
58529.0420347832187 0 0.0000000
58529.0423820054421 0 0.0000000
58529.0427292276581 0 0.0000000
58529.0430764498815 0 0.0000000
58529.0434236721048 0 0.0000000
58529.0437708943282 0 0.0000000
58529.0441181165515 0 0.0000000
58529.0444653387749 0 0.0000000
58529.0448125609983 0 0.0000000
58529.0451597832143 0 0.0000000
58529.0455070054377 0 0.0000000
58529.0458542276610 0 0.0000000
58529.0462014498844 0 0.0000000
58529.0465486721077 0 0.0000000
58529.0468958943311 0 0.0000000
58529.0472431165545 0 0.0000000
58529.0475903387705 0 0.0000000
58529.0479375609939 0 0.0000000
58529.0482847832172 0 0.0000000
58529.0486320054406 0 0.0000000
58529.0489792276639 0 0.0000000
58529.0493264498800 0 0.0000000
58529.0496736721034 0 0.0000000
58529.0500208943267 0 0.0000000
58529.0503681165501 0 0.0000000
58529.0507153387734 0 0.0000000
58529.0510625609968 0 0.0000000
58529.0514097832202 0 0.0000000
58529.0517570054362 0 0.0000000
58529.0521042276596 0 0.0000000
58529.0524514498829 0 0.0000000
58529.0527986721063 0 0.0000000
58529.0531458943296 0 0.0000000
58529.0534931165530 0 0.0000000
58529.0538403387764 0 0.0000000
58529.0541875609924 0 0.0000000
58529.0545347832158 0 0.0000000
58529.0548820054391 0 0.0000000
58529.0552292276625 0 0.0000000
58529.0555764498858 0 0.0000000
58529.0559236721019 0 0.0000000
58529.0562708943253 0 0.0000000
58529.0566181165486 0 0.0000000
58529.0569653387720 0 0.0000000
58529.0573125609953 0 0.0000000
58529.0576597832187 0 0.0000000
58529.0580070054421 0 0.0000000
58529.0583542276581 0 0.0000000
58529.0587014498815 0 0.0000000
58529.0590486721048 0 0.0000000
58529.0593958943282 0 0.0000000
58529.0597431165515 0 0.0000000
58529.0600903387749 0 0.0000000
58529.0604375609983 0 0.0000000
58529.0607847832143 0 0.0000000
58529.0611320054377 0 0.0000000
58529.0614792276610 0 0.0000000
58529.0618264498844 0 0.0000000
58529.0621736721077 0 0.0000000
58529.0625208943311 0 0.0000000
58529.0628681165545 0 0.0000000
58529.0632153387705 0 0.0000000
58529.0635625609939 0 0.0000000
58529.0639097832172 0 0.0000000
58529.0642570054406 0 0.0000000
58529.0646042276639 0 0.0000000
58529.0649514498800 0 0.0000000
58529.0652986721034 0 0.0000000
58529.0656458943267 0 0.0000000
58529.0659931165501 0 0.0000000
58529.0663403387734 0 0.0000000
58529.0666875609968 0 0.0000000
58529.0670347832202 0 0.0000000
58529.0673820054362 0 0.0000000
58529.0677292276596 0 0.0000000
58529.0680764498829 0 0.0000000
58529.0684236721063 0 0.0000000
58529.0687708943296 0 0.0000000
58529.0691181165530 0 0.0000000
58529.0694653387764 0 0.0000000
58529.0698125609924 0 0.0000000
58529.0701597832158 0 0.0000000
58529.0705070054391 0 0.0000000
58529.0708542276625 0 0.0000000
58529.0712014498858 0 0.0000000
58529.0715486721019 0 0.0000000
58529.0718958943253 0 0.0000000
58529.0722431165486 1 1.0000000
58529.0725903387720 0 0.0000000
58529.0729375609953 1 1.0000000
58529.0732847832187 0 0.0000000
58529.0736320054421 0 0.0000000
58529.0739792276581 0 0.0000000
58529.0743264498815 0 0.0000000
58529.0746736721048 0 0.0000000
58529.0750208943282 0 0.0000000
58529.0753681165515 0 0.0000000
58529.0757153387749 0 0.0000000
58529.0760625609983 0 0.0000000
58529.0764097832143 1 1.0000000
58529.0767570054377 0 0.0000000
58529.0771042276610 0 0.0000000
58529.0774514498844 0 0.0000000
58529.0777986721077 0 0.0000000
58529.0781458943311 0 0.0000000
58529.0784931165545 0 0.0000000
58529.0788403387705 0 0.0000000
58529.0791875609939 0 0.0000000
58529.0795347832172 0 0.0000000
58529.0798820054406 0 0.0000000
58529.0802292276639 0 0.0000000
58529.0805764498800 0 0.0000000
58529.0809236721034 0 0.0000000
58529.0812708943267 0 0.0000000
58529.0816181165501 0 0.0000000
58529.0819653387734 0 0.0000000
58529.0823125609968 0 0.0000000
58529.0826597832202 0 0.0000000
58529.0830070054362 0 0.0000000
58529.0833542276596 0 0.0000000
58529.0837014498829 1 1.0000000
58529.0840486721063 0 0.0000000
58529.0843958943296 0 0.0000000
58529.0847431165530 0 0.0000000
58529.0850903387764 0 0.0000000
58529.0854375609924 0 0.0000000
58529.0857847832158 0 0.0000000
58529.0861320054391 1 1.0000000
58529.0864792276625 0 0.0000000
58529.0868264498858 0 0.0000000
58529.0871736721019 0 0.0000000
58529.0875208943253 0 0.0000000
58529.0878681165486 1 1.0000000
58529.0882153387720 0 0.0000000
58529.0885625609953 0 0.0000000
58529.0889097832187 0 0.0000000
58529.0892570054421 0 0.0000000
58529.0896042276581 0 0.0000000
58529.0899514498815 0 0.0000000
58529.0902986721048 0 0.0000000
58529.0906458943282 0 0.0000000
58529.0909931165515 0 0.0000000
58529.0913403387749 0 0.0000000
58529.0916875609983 0 0.0000000
58529.0920347832143 0 0.0000000
58529.0923820054377 0 0.0000000
58529.0927292276610 1 1.0000000
58529.0930764498844 0 0.0000000
58529.0934236721077 0 0.0000000
58529.0937708943311 0 0.0000000
58529.0941181165545 0 0.0000000
58529.0944653387705 0 0.0000000
58529.0948125609939 0 0.0000000
58529.0951597832172 0 0.0000000
58529.0955070054406 0 0.0000000
58529.0958542276639 0 0.0000000
58529.0962014498800 0 0.0000000
58529.0965486721034 0 0.0000000
58529.0968958943267 0 0.0000000
58529.0972431165501 0 0.0000000
58529.0975903387734 0 0.0000000
58529.0979375609968 0 0.0000000
58529.0982847832202 0 0.0000000
58529.0986320054362 0 0.0000000
58529.0989792276596 0 0.0000000
58529.0993264498829 0 0.0000000
58529.0996736721063 0 0.0000000
58529.1000208943296 0 0.0000000
58529.1003681165530 0 0.0000000
58529.1007153387764 0 0.0000000
58529.1010625609924 0 0.0000000
58529.1014097832158 0 0.0000000
58529.1017570054391 0 0.0000000
58529.1021042276625 0 0.0000000
58529.1024514498858 0 0.0000000
58529.1027986721019 0 0.0000000
58529.1031458943253 0 0.0000000
58529.1034931165486 0 0.0000000
58529.1038403387720 0 0.0000000
58529.1041875609953 0 0.0000000
58529.1045347832187 0 0.0000000
58529.1048820054421 1 1.0000000
58529.1052292276581 0 0.0000000
58529.1055764498815 0 0.0000000
58529.1059236721048 1 1.0000000
58529.1062708943282 1 1.0000000
58529.1066181165515 0 0.0000000
58529.1069653387749 0 0.0000000
58529.1073125609983 0 0.0000000
58529.1076597832143 0 0.0000000
58529.1080070054377 1 1.0000000
58529.1083542276610 0 0.0000000
58529.1087014498844 0 0.0000000
58529.1090486721077 0 0.0000000
58529.1093958943311 0 0.0000000
58529.1097431165545 0 0.0000000
58529.1100903387705 0 0.0000000
58529.1104375609939 0 0.0000000
58529.1107847832172 0 0.0000000
58529.1111320054406 0 0.0000000
58529.1114792276639 0 0.0000000
58529.1118264498800 1 1.0000000
58529.1121736721034 1 1.0000000
58529.1125208943267 2 1.4142136
58529.1128681165501 1 1.0000000
58529.1132153387734 1 1.0000000
58529.1135625609968 1 1.0000000
58529.1139097832202 2 1.4142136
58529.1142570054362 0 0.0000000
58529.1146042276596 0 0.0000000
58529.1149514498829 0 0.0000000
58529.1152986721063 0 0.0000000
58529.1156458943296 0 0.0000000
58529.1159931165530 1 1.0000000
58529.1163403387764 1 1.0000000
58529.1166875609924 0 0.0000000
58529.1170347832158 0 0.0000000
58529.1173820054391 1 1.0000000
58529.1177292276625 1 1.0000000
58529.1180764498858 2 1.4142136
58529.1184236721019 1 1.0000000
58529.1187708943253 1 1.0000000
58529.1191181165486 0 0.0000000
58529.1194653387720 2 1.4142136
58529.1198125609953 1 1.0000000
58529.1201597832187 0 0.0000000
58529.1205070054421 2 1.4142136
58529.1208542276581 0 0.0000000
58529.1212014498815 2 1.4142136
58529.1215486721048 0 0.0000000
58529.1218958943282 0 0.0000000
58529.1222431165515 1 1.0000000
58529.1225903387749 0 0.0000000
58529.1229375609983 2 1.4142136
58529.1232847832143 1 1.0000000
58529.1236320054377 0 0.0000000
58529.1239792276610 1 1.0000000
58529.1243264498844 4 2.0000000
58529.1246736721077 1 1.0000000
58529.1250208943311 1 1.0000000
58529.1253681165545 1 1.0000000
58529.1257153387705 1 1.0000000
58529.1260625609939 2 1.4142136
58529.1264097832172 1 1.0000000
58529.1267570054406 0 0.0000000
58529.1271042276639 2 1.4142136
58529.1274514498800 2 1.4142136
58529.1277986721034 0 0.0000000
58529.1281458943267 1 1.0000000
58529.1284931165501 2 1.4142136
58529.1288403387734 1 1.0000000
58529.1291875609968 2 1.4142136
58529.1295347832202 2 1.4142136
58529.1298820054362 0 0.0000000
58529.1302292276596 1 1.0000000
58529.1305764498829 0 0.0000000
58529.1309236721063 1 1.0000000
58529.1312708943296 0 0.0000000
58529.1316181165530 0 0.0000000
58529.1319653387764 1 1.0000000
58529.1323125609924 0 0.0000000
58529.1326597832158 0 0.0000000
58529.1330070054391 1 1.0000000
58529.1333542276625 0 0.0000000
58529.1337014498858 2 1.4142136
58529.1340486721019 0 0.0000000
58529.1343958943253 0 0.0000000
58529.1347431165486 0 0.0000000
58529.1350903387720 1 1.0000000
58529.1354375609953 0 0.0000000
58529.1357847832187 2 1.4142136
58529.1361320054421 0 0.0000000
58529.1364792276581 0 0.0000000
58529.1368264498815 0 0.0000000
58529.1371736721048 0 0.0000000
58529.1375208943282 1 1.0000000
58529.1378681165515 0 0.0000000
58529.1382153387749 0 0.0000000
58529.1385625609983 0 0.0000000
58529.1389097832143 0 0.0000000
58529.1392570054377 0 0.0000000
58529.1396042276610 0 0.0000000
58529.1399514498844 0 0.0000000
58529.1402986721077 0 0.0000000
58529.1406458943311 1 1.0000000
58529.1409931165545 0 0.0000000
58529.1413403387705 0 0.0000000
58529.1416875609939 1 1.0000000
58529.1420347832172 0 0.0000000
58529.1423820054406 0 0.0000000
58529.1427292276639 0 0.0000000
58529.1430764498800 0 0.0000000
58529.1434236721034 1 1.0000000
58529.1437708943267 0 0.0000000
58529.1441181165501 0 0.0000000
58529.1444653387734 0 0.0000000
58529.1448125609968 0 0.0000000
58529.1451597832202 0 0.0000000
58529.1455070054362 0 0.0000000
58529.1458542276596 0 0.0000000
58529.1462014498829 0 0.0000000
58529.1465486721063 0 0.0000000
58529.1468958943296 0 0.0000000
58529.1472431165530 0 0.0000000
58529.1475903387764 0 0.0000000
58529.1479375609924 0 0.0000000
58529.1482847832158 0 0.0000000
58529.1486320054391 0 0.0000000
58529.1489792276625 0 0.0000000
58529.1493264498858 1 1.0000000
58529.1496736721019 0 0.0000000
58529.1500208943253 0 0.0000000
58529.1503681165486 0 0.0000000
58529.1507153387720 0 0.0000000
58529.1510625609953 1 1.0000000
58529.1514097832187 0 0.0000000
58529.1517570054421 0 0.0000000
58529.1521042276581 0 0.0000000
58529.1524514498815 0 0.0000000
58529.1527986721048 2 1.4142136
58529.1531458943282 0 0.0000000
58529.1534931165515 0 0.0000000
58529.1538403387749 0 0.0000000
58529.1541875609983 0 0.0000000
58529.1545347832143 0 0.0000000
58529.1548820054377 0 0.0000000
58529.1552292276610 0 0.0000000
58529.1555764498844 0 0.0000000
58529.1559236721077 0 0.0000000
58529.1562708943311 0 0.0000000
58529.1566181165545 0 0.0000000
58529.1569653387705 1 1.0000000
58529.1573125609939 0 0.0000000
58529.1576597832172 0 0.0000000
58529.1580070054406 0 0.0000000
58529.1583542276639 1 1.0000000
58529.1587014498800 1 1.0000000
58529.1590486721034 0 0.0000000
58529.1593958943267 0 0.0000000
58529.1597431165501 0 0.0000000
58529.1600903387734 0 0.0000000
58529.1604375609968 0 0.0000000
58529.1607847832202 0 0.0000000
58529.1611320054362 0 0.0000000
58529.1614792276596 1 1.0000000
58529.1618264498829 0 0.0000000
58529.1621736721063 0 0.0000000
58529.1625208943296 0 0.0000000
58529.1628681165530 0 0.0000000
58529.1632153387764 1 1.0000000
58529.1635625609924 0 0.0000000
58529.1639097832158 0 0.0000000
58529.1642570054391 0 0.0000000
58529.1646042276625 1 1.0000000
58529.1649514498858 1 1.0000000
58529.1652986721019 0 0.0000000
58529.1656458943253 0 0.0000000
58529.1659931165486 0 0.0000000
58529.1663403387720 0 0.0000000
58529.1666875609953 0 0.0000000
58529.1670347832187 0 0.0000000
58529.1673820054421 0 0.0000000
58529.1677292276581 0 0.0000000
58529.1680764498815 0 0.0000000
58529.1684236721048 0 0.0000000
58529.1687708943282 0 0.0000000
58529.1691181165515 1 1.0000000
58529.1694653387749 0 0.0000000
58529.1698125609983 0 0.0000000
58529.1701597832143 0 0.0000000
58529.1705070054377 0 0.0000000
58529.1708542276610 0 0.0000000
58529.1712014498844 0 0.0000000
58529.1715486721077 0 0.0000000
58529.1718958943311 0 0.0000000
58529.1722431165545 1 1.0000000
58529.1725903387705 0 0.0000000
58529.1729375609939 0 0.0000000
58529.1732847832172 0 0.0000000
58529.1736320054406 0 0.0000000
58529.1739792276639 0 0.0000000
58529.1743264498800 0 0.0000000
58529.1746736721034 0 0.0000000
58529.1750208943267 1 1.0000000
58529.1753681165501 0 0.0000000
58529.1757153387734 0 0.0000000
58529.1760625609968 0 0.0000000
58529.1764097832202 1 1.0000000
58529.1767570054362 0 0.0000000
58529.1771042276596 0 0.0000000
58529.1774514498829 0 0.0000000
58529.1777986721063 0 0.0000000
58529.1781458943296 0 0.0000000
58529.1784931165530 0 0.0000000
58529.1788403387764 0 0.0000000
58529.1791875609924 0 0.0000000
58529.1795347832158 0 0.0000000
58529.1798820054391 0 0.0000000
58529.1802292276625 0 0.0000000
58529.1805764498858 0 0.0000000
58529.1809236721019 0 0.0000000
58529.1812708943253 0 0.0000000
58529.1816181165486 0 0.0000000
58529.1819653387720 0 0.0000000
58529.1823125609953 0 0.0000000
58529.1826597832187 0 0.0000000
58529.1830070054421 0 0.0000000
58529.1833542276581 1 1.0000000
58529.1837014498815 0 0.0000000
58529.1840486721048 0 0.0000000
58529.1843958943282 0 0.0000000
58529.1847431165515 0 0.0000000
58529.1850903387749 0 0.0000000
58529.1854375609983 0 0.0000000
58529.1857847832143 0 0.0000000
58529.1861320054377 0 0.0000000
58529.1864792276610 0 0.0000000
58529.1868264498844 0 0.0000000
58529.1871736721077 0 0.0000000
58529.1875208943311 0 0.0000000
58529.1878681165545 0 0.0000000
58529.1882153387705 0 0.0000000
58529.1885625609939 0 0.0000000
58529.1889097832172 0 0.0000000
58529.1892570054406 0 0.0000000
58529.1896042276639 0 0.0000000
58529.1899514498800 0 0.0000000
58529.1902986721034 0 0.0000000
58529.1906458943267 0 0.0000000
58529.1909931165501 0 0.0000000
58529.1913403387734 0 0.0000000
58529.1916875609968 0 0.0000000
58529.1920347832202 0 0.0000000
58529.1923820054362 0 0.0000000
58529.1927292276596 0 0.0000000
58529.1930764498829 0 0.0000000
58529.1934236721063 0 0.0000000
58529.1937708943296 0 0.0000000
58529.1941181165530 0 0.0000000
58529.1944653387764 0 0.0000000
58529.1948125609924 1 1.0000000
58529.1951597832158 0 0.0000000
58529.1955070054391 0 0.0000000
58529.1958542276625 0 0.0000000
58529.1962014498858 0 0.0000000
58529.1965486721019 0 0.0000000
58529.1968958943253 0 0.0000000
58529.1972431165486 0 0.0000000
58529.1975903387720 1 1.0000000
58529.1979375609953 0 0.0000000
58529.1982847832187 0 0.0000000
58529.1986320054421 0 0.0000000
58529.1989792276581 0 0.0000000
58529.1993264498815 0 0.0000000
58529.1996736721048 0 0.0000000
58529.2000208943282 0 0.0000000
58529.2003681165515 0 0.0000000
58529.2007153387749 0 0.0000000
58529.2010625609983 0 0.0000000
58529.2014097832143 0 0.0000000
58529.2017570054377 0 0.0000000
58529.2021042276610 0 0.0000000
58529.2024514498844 0 0.0000000
58529.2027986721077 0 0.0000000
58529.2031458943311 0 0.0000000
58529.2034931165545 0 0.0000000
58529.2038403387705 0 0.0000000
58529.2041875609939 0 0.0000000
58529.2045347832172 0 0.0000000
58529.2048820054406 0 0.0000000
58529.2052292276639 0 0.0000000
58529.2055764498800 0 0.0000000
58529.2059236721034 0 0.0000000
58529.2062708943267 0 0.0000000
58529.2066181165501 0 0.0000000
58529.2069653387734 0 0.0000000
58529.2073125609968 0 0.0000000
58529.2076597832202 0 0.0000000
58529.2080070054362 0 0.0000000
58529.2083542276596 0 0.0000000
58529.2087014498829 0 0.0000000
58529.2090486721063 0 0.0000000
58529.2093958943296 0 0.0000000
58529.2097431165530 0 0.0000000
58529.2100903387764 0 0.0000000
58529.2104375609924 0 0.0000000
58529.2107847832158 0 0.0000000
58529.2111320054391 0 0.0000000
58529.2114792276625 0 0.0000000
58529.2118264498858 0 0.0000000
58529.2121736721019 0 0.0000000
58529.2125208943253 0 0.0000000
58529.2128681165486 0 0.0000000
58529.2132153387720 0 0.0000000
58529.2135625609953 0 0.0000000
58529.2139097832187 0 0.0000000
58529.2142570054421 0 0.0000000
58529.2146042276581 1 1.0000000
58529.2149514498815 0 0.0000000
58529.2152986721048 0 0.0000000
58529.2156458943282 1 1.0000000
58529.2159931165515 0 0.0000000
58529.2163403387749 0 0.0000000
58529.2166875609983 0 0.0000000
58529.2170347832143 1 1.0000000
58529.2173820054377 0 0.0000000
58529.2177292276610 0 0.0000000
58529.2180764498844 0 0.0000000
58529.2184236721077 0 0.0000000
58529.2187708943311 0 0.0000000
58529.2191181165545 0 0.0000000
58529.2194653387705 0 0.0000000
58529.2198125609939 0 0.0000000
58529.2201597832172 0 0.0000000
58529.2205070054406 0 0.0000000
58529.2208542276639 0 0.0000000
58529.2212014498800 0 0.0000000
58529.2215486721034 0 0.0000000
58529.2218958943267 0 0.0000000
58529.2222431165501 0 0.0000000
58529.2225903387734 0 0.0000000
58529.2229375609968 0 0.0000000
58529.2232847832202 0 0.0000000
58529.2236320054362 0 0.0000000
58529.2239792276596 0 0.0000000
58529.2243264498829 0 0.0000000
58529.2246736721063 0 0.0000000
58529.2250208943296 0 0.0000000
58529.2253681165530 0 0.0000000
58529.2257153387764 0 0.0000000
58529.2260625609924 0 0.0000000
58529.2264097832158 0 0.0000000
58529.2267570054391 0 0.0000000
58529.2271042276625 0 0.0000000
58529.2274514498858 0 0.0000000
58529.2277986721019 0 0.0000000
58529.2281458943253 1 1.0000000
58529.2284931165486 0 0.0000000
58529.2288403387720 0 0.0000000
58529.2291875609953 0 0.0000000
58529.2295347832187 0 0.0000000
58529.2298820054421 0 0.0000000
58529.2302292276581 0 0.0000000
58529.2305764498815 0 0.0000000
58529.2309236721048 0 0.0000000
58529.2312708943282 0 0.0000000
58529.2316181165515 0 0.0000000
58529.2319653387749 0 0.0000000
58529.2323125609983 0 0.0000000
58529.2326597832143 0 0.0000000
58529.2330070054377 0 0.0000000
58529.2333542276610 0 0.0000000
58529.2337014498844 0 0.0000000
58529.2340486721077 0 0.0000000
58529.2343958943311 0 0.0000000
58529.2347431165545 0 0.0000000
58529.2350903387705 0 0.0000000
58529.2354375609939 0 0.0000000
58529.2357847832172 0 0.0000000
58529.2361320054406 0 0.0000000
58529.2364792276639 0 0.0000000
58529.2368264498800 0 0.0000000
58529.2371736721034 0 0.0000000
58529.2375208943267 0 0.0000000
58529.2378681165501 0 0.0000000
58529.2382153387734 0 0.0000000
58529.2385625609968 0 0.0000000
58529.2389097832202 0 0.0000000
58529.2392570054362 0 0.0000000
58529.2396042276596 0 0.0000000
58529.2399514498829 0 0.0000000
58529.2402986721063 0 0.0000000
58529.2406458943296 0 0.0000000
58529.2409931165530 0 0.0000000
58529.2413403387764 0 0.0000000
58529.2416875609924 0 0.0000000
58529.2420347832158 0 0.0000000
58529.2423820054391 0 0.0000000
58529.2427292276625 0 0.0000000
58529.2430764498858 0 0.0000000
58529.2434236721019 0 0.0000000
58529.2437708943253 0 0.0000000
58529.2441181165486 0 0.0000000
58529.2444653387720 0 0.0000000
58529.2448125609953 0 0.0000000
58529.2451597832187 0 0.0000000
58529.2455070054421 0 0.0000000
58529.2458542276581 0 0.0000000
58529.2462014498815 0 0.0000000
58529.2465486721048 0 0.0000000
58529.2468958943282 1 1.0000000
58529.2472431165515 0 0.0000000
58529.2475903387749 0 0.0000000
58529.2479375609983 0 0.0000000
58529.2482847832143 0 0.0000000
58529.2486320054377 0 0.0000000
58529.2489792276610 0 0.0000000
58529.2493264498844 0 0.0000000
58529.2496736721077 0 0.0000000
58529.2500208943311 0 0.0000000
58529.2503681165545 0 0.0000000
58529.2507153387705 0 0.0000000
58529.2510625609939 0 0.0000000
58529.2514097832172 0 0.0000000
58529.2517570054406 1 1.0000000
58529.2521042276639 0 0.0000000
58529.2524514498800 0 0.0000000
58529.2527986721034 0 0.0000000
58529.2531458943267 0 0.0000000
58529.2534931165501 0 0.0000000
58529.2538403387734 0 0.0000000
58529.2541875609968 0 0.0000000
58529.2545347832202 1 1.0000000
58529.2548820054362 1 1.0000000
58529.2552292276596 0 0.0000000
58529.2555764498829 0 0.0000000
58529.2559236721063 0 0.0000000
58529.2562708943296 0 0.0000000
58529.2566181165530 0 0.0000000
58529.2569653387764 0 0.0000000
58529.2573125609924 0 0.0000000
58529.2576597832158 0 0.0000000
58529.2580070054391 0 0.0000000
58529.2583542276625 0 0.0000000
58529.2587014498858 0 0.0000000
58529.2590486721019 0 0.0000000
58529.2593958943253 0 0.0000000
58529.2597431165486 0 0.0000000
58529.2600903387720 0 0.0000000
58529.2604375609953 0 0.0000000
58529.2607847832187 0 0.0000000
58529.2611320054421 0 0.0000000
58529.2614792276581 0 0.0000000
58529.2618264498815 0 0.0000000
58529.2621736721048 0 0.0000000
58529.2625208943282 0 0.0000000
58529.2628681165515 0 0.0000000
58529.2632153387749 0 0.0000000
58529.2635625609983 0 0.0000000
58529.2639097832143 0 0.0000000
58529.2642570054377 0 0.0000000
58529.2646042276610 0 0.0000000
58529.2649514498844 0 0.0000000
58529.2652986721077 0 0.0000000
58529.2656458943311 0 0.0000000
58529.2659931165545 0 0.0000000
58529.2663403387705 0 0.0000000
58529.2666875609939 0 0.0000000
58529.2670347832172 0 0.0000000
58529.2673820054406 0 0.0000000
58529.2677292276639 0 0.0000000
58529.2680764498800 0 0.0000000
58529.2684236721034 0 0.0000000
58529.2687708943267 0 0.0000000
58529.2691181165501 0 0.0000000
58529.2694653387734 0 0.0000000
58529.2698125609968 0 0.0000000
58529.2701597832202 0 0.0000000
58529.2705070054362 2 1.4142136
58529.2708542276596 0 0.0000000
58529.2712014498829 0 0.0000000
58529.2715486721063 0 0.0000000
58529.2718958943296 0 0.0000000
58529.2722431165530 0 0.0000000
58529.2725903387764 0 0.0000000
58529.2729375609924 0 0.0000000
58529.2732847832158 0 0.0000000
58529.2736320054391 0 0.0000000
58529.2739792276625 0 0.0000000
58529.2743264498858 0 0.0000000
58529.2746736721019 0 0.0000000
58529.2750208943253 0 0.0000000
58529.2753681165486 0 0.0000000
58529.2757153387720 0 0.0000000
58529.2760625609953 0 0.0000000
58529.2764097832187 0 0.0000000
58529.2767570054421 0 0.0000000
58529.2771042276581 1 1.0000000
58529.2774514498815 0 0.0000000
58529.2777986721048 0 0.0000000
58529.2781458943282 0 0.0000000
58529.2784931165515 0 0.0000000
58529.2788403387749 0 0.0000000
58529.2791875609983 0 0.0000000
58529.2795347832143 1 1.0000000
58529.2798820054377 0 0.0000000
58529.2802292276610 1 1.0000000
58529.2805764498844 0 0.0000000
58529.2809236721077 0 0.0000000
58529.2812708943311 0 0.0000000
58529.2816181165545 0 0.0000000
58529.2819653387705 0 0.0000000
58529.2823125609939 0 0.0000000
58529.2826597832172 0 0.0000000
58529.2830070054406 0 0.0000000
58529.2833542276639 0 0.0000000
58529.2837014498800 0 0.0000000
58529.2840486721034 0 0.0000000
58529.2843958943267 0 0.0000000
58529.2847431165501 0 0.0000000
58529.2850903387734 0 0.0000000
58529.2854375609968 0 0.0000000
58529.2857847832202 0 0.0000000
58529.2861320054362 0 0.0000000
58529.2864792276596 0 0.0000000
58529.2868264498829 0 0.0000000
58529.2871736721063 0 0.0000000
58529.2875208943296 0 0.0000000
58529.2878681165530 0 0.0000000
58529.2882153387764 0 0.0000000
58529.2885625609924 0 0.0000000
58529.2889097832158 0 0.0000000
58529.2892570054391 0 0.0000000
58529.2896042276625 0 0.0000000
58529.2899514498858 0 0.0000000
58529.2902986721019 0 0.0000000
58529.2906458943253 0 0.0000000
58529.2909931165486 0 0.0000000
58529.2913403387720 0 0.0000000
58529.2916875609953 0 0.0000000
58529.2920347832187 0 0.0000000
58529.2923820054421 0 0.0000000
58529.2927292276581 0 0.0000000
58529.2930764498815 0 0.0000000
58529.2934236721048 0 0.0000000
58529.2937708943282 0 0.0000000
58529.2941181165515 0 0.0000000
58529.2944653387749 0 0.0000000
58529.2948125609983 0 0.0000000
58529.2951597832143 0 0.0000000
58529.2955070054377 0 0.0000000
58529.2958542276610 0 0.0000000
58529.2962014498844 0 0.0000000
58529.2965486721077 0 0.0000000
58529.2968958943311 0 0.0000000
58529.2972431165545 0 0.0000000
58529.2975903387705 0 0.0000000
58529.2979375609939 0 0.0000000
58529.2982847832172 0 0.0000000
58529.2986320054406 0 0.0000000
58529.2989792276639 0 0.0000000
58529.2993264498800 0 0.0000000
58529.2996736721034 1 1.0000000
58529.3000208943267 0 0.0000000
58529.3003681165501 0 0.0000000
58529.3007153387734 0 0.0000000
58529.3010625609968 0 0.0000000
58529.3014097832202 0 0.0000000
58529.3017570054362 0 0.0000000
58529.3021042276596 0 0.0000000
58529.3024514498829 0 0.0000000
58529.3027986721063 0 0.0000000
58529.3031458943296 0 0.0000000
58529.3034931165530 0 0.0000000
58529.3038403387764 0 0.0000000
58529.3041875609924 0 0.0000000
58529.3045347832158 0 0.0000000
58529.3048820054391 0 0.0000000
58529.3052292276625 0 0.0000000
58529.3055764498858 0 0.0000000
58529.3059236721019 0 0.0000000
58529.3062708943253 0 0.0000000
58529.3066181165486 0 0.0000000
58529.3069653387720 0 0.0000000
58529.3073125609953 0 0.0000000
58529.3076597832187 0 0.0000000
58529.3080070054421 0 0.0000000
58529.3083542276581 0 0.0000000
58529.3087014498815 0 0.0000000
58529.3090486721048 0 0.0000000
58529.3093958943282 0 0.0000000
58529.3097431165515 0 0.0000000
58529.3100903387749 0 0.0000000
58529.3104375609983 0 0.0000000
58529.3107847832143 0 0.0000000
58529.3111320054377 0 0.0000000
58529.3114792276610 0 0.0000000
58529.3118264498844 0 0.0000000
58529.3121736721077 0 0.0000000
58529.3125208943311 0 0.0000000
58529.3128681165545 0 0.0000000
58529.3132153387705 0 0.0000000
58529.3135625609939 0 0.0000000
58529.3139097832172 0 0.0000000
58529.3142570054406 0 0.0000000
58529.3146042276639 0 0.0000000
58529.3149514498800 0 0.0000000
58529.3152986721034 0 0.0000000
58529.3156458943267 0 0.0000000
58529.3159931165501 0 0.0000000
58529.3163403387734 1 1.0000000
58529.3166875609968 0 0.0000000
58529.3170347832202 0 0.0000000
58529.3173820054362 0 0.0000000
58529.3177292276596 0 0.0000000
58529.3180764498829 0 0.0000000
58529.3184236721063 0 0.0000000
58529.3187708943296 0 0.0000000
58529.3191181165530 0 0.0000000
58529.3194653387764 0 0.0000000
58529.3198125609924 0 0.0000000
58529.3201597832158 0 0.0000000
58529.3205070054391 0 0.0000000
58529.3208542276625 0 0.0000000
58529.3212014498858 0 0.0000000
58529.3215486721019 0 0.0000000
58529.3218958943253 1 1.0000000
58529.3222431165486 0 0.0000000
58529.3225903387720 0 0.0000000
58529.3229375609953 0 0.0000000
58529.3232847832187 0 0.0000000
58529.3236320054421 0 0.0000000
58529.3239792276581 0 0.0000000
58529.3243264498815 0 0.0000000
58529.3246736721048 0 0.0000000
58529.3250208943282 0 0.0000000
58529.3253681165515 0 0.0000000
58529.3257153387749 0 0.0000000
58529.3260625609983 0 0.0000000
58529.3264097832143 0 0.0000000
58529.3267570054377 0 0.0000000
58529.3271042276610 0 0.0000000
58529.3274514498844 0 0.0000000
58529.3277986721077 0 0.0000000
58529.3281458943311 0 0.0000000
58529.3284931165545 0 0.0000000
58529.3288403387705 0 0.0000000
58529.3291875609939 0 0.0000000
58529.3295347832172 0 0.0000000
58529.3298820054406 0 0.0000000
58529.3302292276639 0 0.0000000
58529.3305764498800 0 0.0000000
58529.3309236721034 0 0.0000000
58529.3312708943267 0 0.0000000
58529.3316181165501 0 0.0000000
58529.3319653387734 0 0.0000000
58529.3323125609968 0 0.0000000
58529.3326597832202 0 0.0000000
58529.3330070054362 0 0.0000000
58529.3333542276596 0 0.0000000
58529.3337014498829 0 0.0000000
58529.3340486721063 0 0.0000000
58529.3343958943296 0 0.0000000
58529.3347431165530 0 0.0000000
58529.3350903387764 0 0.0000000
58529.3354375609924 0 0.0000000
58529.3357847832158 0 0.0000000
58529.3361320054391 0 0.0000000
58529.3364792276625 0 0.0000000
58529.3368264498858 0 0.0000000
58529.3371736721019 0 0.0000000
58529.3375208943253 0 0.0000000
58529.3378681165486 0 0.0000000
58529.3382153387720 0 0.0000000
58529.3385625609953 0 0.0000000
58529.3389097832187 0 0.0000000
58529.3392570054421 0 0.0000000
58529.3396042276581 0 0.0000000
58529.3399514498815 0 0.0000000
58529.3402986721048 0 0.0000000
58529.3406458943282 0 0.0000000
58529.3409931165515 0 0.0000000
58529.3413403387749 0 0.0000000
58529.3416875609983 0 0.0000000
58529.3420347832143 0 0.0000000
58529.3423820054377 0 0.0000000
58529.3427292276610 0 0.0000000
58529.3430764498844 0 0.0000000
58529.3434236721077 0 0.0000000
58529.3437708943311 0 0.0000000
58529.3441181165545 0 0.0000000
58529.3444653387705 0 0.0000000
58529.3448125609939 0 0.0000000
58529.3451597832172 0 0.0000000
58529.3455070054406 0 0.0000000
58529.3458542276639 0 0.0000000
58529.3462014498800 0 0.0000000
58529.3465486721034 0 0.0000000
58529.3468958943267 0 0.0000000
58529.3472431165501 0 0.0000000
58529.3475903387734 0 0.0000000
58529.3479375609968 0 0.0000000
58529.3482847832202 0 0.0000000
58529.3486320054362 0 0.0000000
58529.3489792276596 0 0.0000000
58529.3493264498829 0 0.0000000
58529.3496736721063 0 0.0000000
58529.3500208943296 0 0.0000000
58529.3503681165530 0 0.0000000
58529.3507153387764 0 0.0000000
58529.3510625609924 0 0.0000000
58529.3514097832158 0 0.0000000
58529.3517570054391 0 0.0000000
58529.3521042276625 0 0.0000000
58529.3524514498858 0 0.0000000
58529.3527986721019 0 0.0000000
58529.3531458943253 0 0.0000000
58529.3534931165486 0 0.0000000
58529.3538403387720 0 0.0000000
58529.3541875609953 0 0.0000000
58529.3545347832187 0 0.0000000
58529.3548820054421 0 0.0000000
58529.3552292276581 0 0.0000000
58529.3555764498815 0 0.0000000
58529.3559236721048 1 1.0000000
58529.3562708943282 0 0.0000000
58529.3566181165515 0 0.0000000
58529.3569653387749 0 0.0000000
58529.3573125609983 0 0.0000000
58529.3576597832143 0 0.0000000
58529.3580070054377 0 0.0000000
58529.3583542276610 0 0.0000000
58529.3587014498844 0 0.0000000
58529.3590486721077 0 0.0000000
58529.3593958943311 0 0.0000000
58529.3597431165545 0 0.0000000
58529.3600903387705 0 0.0000000
58529.3604375609939 0 0.0000000
58529.3607847832172 0 0.0000000
58529.3611320054406 0 0.0000000
58529.3614792276639 0 0.0000000
58529.3618264498800 0 0.0000000
58529.3621736721034 0 0.0000000
58529.3625208943267 0 0.0000000
58529.3628681165501 0 0.0000000
58529.3632153387734 0 0.0000000
58529.3635625609968 0 0.0000000
58529.3639097832202 0 0.0000000
58529.3642570054362 0 0.0000000
58529.3646042276596 0 0.0000000
58529.3649514498829 0 0.0000000
58529.3652986721063 0 0.0000000
58529.3656458943296 0 0.0000000
58529.3659931165530 0 0.0000000
58529.3663403387764 0 0.0000000
58529.3666875609924 0 0.0000000
58529.3670347832158 0 0.0000000
58529.3673820054391 0 0.0000000
58529.3677292276625 0 0.0000000
58529.3680764498858 0 0.0000000
58529.3684236721019 0 0.0000000
58529.3687708943253 0 0.0000000
58529.3691181165486 0 0.0000000
58529.3694653387720 0 0.0000000
58529.3698125609953 0 0.0000000
58529.3701597832187 0 0.0000000
58529.3705070054421 0 0.0000000
58529.3708542276581 0 0.0000000
58529.3712014498815 0 0.0000000
58529.3715486721048 0 0.0000000
58529.3718958943282 0 0.0000000
58529.3722431165515 0 0.0000000
58529.3725903387749 0 0.0000000
58529.3729375609983 0 0.0000000
58529.3732847832143 0 0.0000000
58529.3736320054377 0 0.0000000
58529.3739792276610 0 0.0000000
58529.3743264498844 0 0.0000000
58529.3746736721077 0 0.0000000
58529.3750208943311 1 1.0000000
58529.3753681165545 0 0.0000000
58529.3757153387705 0 0.0000000
58529.3760625609939 0 0.0000000
58529.3764097832172 0 0.0000000
58529.3767570054406 0 0.0000000
58529.3771042276639 0 0.0000000
58529.3774514498800 0 0.0000000
58529.3777986721034 0 0.0000000
58529.3781458943267 0 0.0000000
58529.3784931165501 0 0.0000000
58529.3788403387734 0 0.0000000
58529.3791875609968 0 0.0000000
58529.3795347832202 0 0.0000000
58529.3798820054362 0 0.0000000
58529.3802292276596 0 0.0000000
58529.3805764498829 0 0.0000000
58529.3809236721063 0 0.0000000
58529.3812708943296 0 0.0000000
58529.3816181165530 0 0.0000000
58529.3819653387764 0 0.0000000
58529.3823125609924 0 0.0000000
58529.3826597832158 0 0.0000000
58529.3830070054391 0 0.0000000
58529.3833542276625 0 0.0000000
58529.3837014498858 1 1.0000000
58529.3840486721019 1 1.0000000
58529.3843958943253 0 0.0000000
58529.3847431165486 0 0.0000000
58529.3850903387720 0 0.0000000
58529.3854375609953 0 0.0000000
58529.3857847832187 0 0.0000000
58529.3861320054421 0 0.0000000
58529.3864792276581 0 0.0000000
58529.3868264498815 0 0.0000000
58529.3871736721048 0 0.0000000
58529.3875208943282 1 1.0000000
58529.3878681165515 0 0.0000000
58529.3882153387749 0 0.0000000
58529.3885625609983 0 0.0000000
58529.3889097832143 0 0.0000000
58529.3892570054377 0 0.0000000
58529.3896042276610 0 0.0000000
58529.3899514498844 0 0.0000000
58529.3902986721077 0 0.0000000
58529.3906458943311 0 0.0000000
58529.3909931165545 0 0.0000000
58529.3913403387705 0 0.0000000
58529.3916875609939 0 0.0000000
58529.3920347832172 0 0.0000000
58529.3923820054406 0 0.0000000
58529.3927292276639 0 0.0000000
58529.3930764498800 1 1.0000000
58529.3934236721034 0 0.0000000
58529.3937708943267 0 0.0000000
58529.3941181165501 0 0.0000000
58529.3944653387734 0 0.0000000
58529.3948125609968 0 0.0000000
58529.3951597832202 0 0.0000000
58529.3955070054362 0 0.0000000
58529.3958542276596 0 0.0000000
58529.3962014498829 0 0.0000000
58529.3965486721063 0 0.0000000
58529.3968958943296 0 0.0000000
58529.3972431165530 0 0.0000000
58529.3975903387764 0 0.0000000
58529.3979375609924 0 0.0000000
58529.3982847832158 0 0.0000000
58529.3986320054391 0 0.0000000
58529.3989792276625 0 0.0000000
58529.3993264498858 0 0.0000000
58529.3996736721019 0 0.0000000
58529.4000208943253 0 0.0000000
58529.4003681165486 0 0.0000000
58529.4007153387720 0 0.0000000
58529.4010625609953 0 0.0000000
58529.4014097832187 0 0.0000000
58529.4017570054421 0 0.0000000
58529.4021042276581 0 0.0000000
58529.4024514498815 0 0.0000000
58529.4027986721048 0 0.0000000
58529.4031458943282 0 0.0000000
58529.4034931165515 0 0.0000000
58529.4038403387749 0 0.0000000
58529.4041875609983 0 0.0000000
58529.4045347832143 0 0.0000000
58529.4048820054377 0 0.0000000
58529.4052292276610 0 0.0000000
58529.4055764498844 0 0.0000000
58529.4059236721077 0 0.0000000
58529.4062708943311 0 0.0000000
58529.4066181165545 0 0.0000000
58529.4069653387705 0 0.0000000
58529.4073125609939 0 0.0000000
58529.4076597832172 0 0.0000000
58529.4080070054406 0 0.0000000
58529.4083542276639 0 0.0000000
58529.4087014498800 0 0.0000000
58529.4090486721034 0 0.0000000
58529.4093958943267 0 0.0000000
58529.4097431165501 0 0.0000000
58529.4100903387734 0 0.0000000
58529.4104375609968 0 0.0000000
58529.4107847832202 0 0.0000000
58529.4111320054362 0 0.0000000
58529.4114792276596 0 0.0000000
58529.4118264498829 0 0.0000000
58529.4121736721063 0 0.0000000
58529.4125208943296 0 0.0000000
58529.4128681165530 0 0.0000000
58529.4132153387764 0 0.0000000
58529.4135625609924 0 0.0000000
58529.4139097832158 0 0.0000000
58529.4142570054391 1 1.0000000
58529.4146042276625 0 0.0000000
58529.4149514498858 0 0.0000000
58529.4152986721019 0 0.0000000
58529.4156458943253 0 0.0000000
58529.4159931165486 0 0.0000000
58529.4163403387720 0 0.0000000
58529.4166875609953 0 0.0000000
58529.4170347832187 0 0.0000000
58529.4173820054421 0 0.0000000
58529.4177292276581 0 0.0000000
58529.4180764498815 0 0.0000000
58529.4184236721048 0 0.0000000
58529.4187708943282 0 0.0000000
58529.4191181165515 0 0.0000000
58529.4194653387749 0 0.0000000
58529.4198125609983 0 0.0000000
58529.4201597832143 0 0.0000000
58529.4205070054377 0 0.0000000
58529.4208542276610 0 0.0000000
58529.4212014498844 0 0.0000000
58529.4215486721077 0 0.0000000
58529.4218958943311 0 0.0000000
58529.4222431165545 0 0.0000000
58529.4225903387705 0 0.0000000
58529.4229375609939 0 0.0000000
58529.4232847832172 0 0.0000000
58529.4236320054406 0 0.0000000
58529.4239792276639 0 0.0000000
58529.4243264498800 0 0.0000000
58529.4246736721034 0 0.0000000
58529.4250208943267 0 0.0000000
58529.4253681165501 0 0.0000000
58529.4257153387734 0 0.0000000
58529.4260625609968 0 0.0000000
58529.4264097832202 0 0.0000000
58529.4267570054362 0 0.0000000
58529.4271042276596 0 0.0000000
58529.4274514498829 0 0.0000000
58529.4277986721063 0 0.0000000
58529.4281458943296 0 0.0000000
58529.4284931165530 0 0.0000000
58529.4288403387764 0 0.0000000
58529.4291875609924 0 0.0000000
58529.4295347832158 0 0.0000000
58529.4298820054391 1 1.0000000
58529.4302292276625 0 0.0000000
58529.4305764498858 0 0.0000000
58529.4309236721019 0 0.0000000
58529.4312708943253 0 0.0000000
58529.4316181165486 0 0.0000000
58529.4319653387720 0 0.0000000
58529.4323125609953 0 0.0000000
58529.4326597832187 0 0.0000000
58529.4330070054421 0 0.0000000
58529.4333542276581 0 0.0000000
58529.4337014498815 0 0.0000000
58529.4340486721048 0 0.0000000
58529.4343958943282 0 0.0000000
58529.4347431165515 0 0.0000000
58529.4350903387749 0 0.0000000
58529.4354375609983 1 1.0000000
58529.4357847832143 0 0.0000000
58529.4361320054377 0 0.0000000
58529.4364792276610 0 0.0000000
58529.4368264498844 0 0.0000000
58529.4371736721077 1 1.0000000
58529.4375208943311 0 0.0000000
58529.4378681165545 0 0.0000000
58529.4382153387705 0 0.0000000
58529.4385625609939 0 0.0000000
58529.4389097832172 0 0.0000000
58529.4392570054406 0 0.0000000
58529.4396042276639 0 0.0000000
58529.4399514498800 0 0.0000000
58529.4402986721034 0 0.0000000
58529.4406458943267 0 0.0000000
58529.4409931165501 0 0.0000000
58529.4413403387734 0 0.0000000
58529.4416875609968 0 0.0000000
58529.4420347832202 0 0.0000000
58529.4423820054362 0 0.0000000
58529.4427292276596 0 0.0000000
58529.4430764498829 0 0.0000000
58529.4434236721063 0 0.0000000
58529.4437708943296 0 0.0000000
58529.4441181165530 0 0.0000000
58529.4444653387764 0 0.0000000
58529.4448125609924 0 0.0000000
58529.4451597832158 0 0.0000000
58529.4455070054391 0 0.0000000
58529.4458542276625 0 0.0000000
58529.4462014498858 0 0.0000000
58529.4465486721019 0 0.0000000
58529.4468958943253 0 0.0000000
58529.4472431165486 0 0.0000000
58529.4475903387720 0 0.0000000
58529.4479375609953 0 0.0000000
58529.4482847832187 0 0.0000000
58529.4486320054421 0 0.0000000
58529.4489792276581 0 0.0000000
58529.4493264498815 0 0.0000000
58529.4496736721048 0 0.0000000
58529.4500208943282 0 0.0000000
58529.4503681165515 0 0.0000000
58529.4507153387749 0 0.0000000
58529.4510625609983 0 0.0000000
58529.4514097832143 0 0.0000000
58529.4517570054377 0 0.0000000
58529.4521042276610 0 0.0000000
58529.4524514498844 0 0.0000000
58529.4527986721077 0 0.0000000
58529.4531458943311 0 0.0000000
58529.4534931165545 0 0.0000000
58529.4538403387705 0 0.0000000
58529.4541875609939 0 0.0000000
58529.4545347832172 0 0.0000000
58529.4548820054406 0 0.0000000
58529.4552292276639 0 0.0000000
58529.4555764498800 0 0.0000000
58529.4559236721034 0 0.0000000
58529.4562708943267 0 0.0000000
58529.4566181165501 0 0.0000000
58529.4569653387734 0 0.0000000
58529.4573125609968 0 0.0000000
58529.4576597832202 0 0.0000000
58529.4580070054362 0 0.0000000
58529.4583542276596 0 0.0000000
58529.4587014498829 0 0.0000000
58529.4590486721063 0 0.0000000
58529.4593958943296 0 0.0000000
58529.4597431165530 0 0.0000000
58529.4600903387764 0 0.0000000
58529.4604375609924 0 0.0000000
58529.4607847832158 0 0.0000000
58529.4611320054391 0 0.0000000
58529.4614792276625 1 1.0000000
58529.4618264498858 0 0.0000000
58529.4621736721019 0 0.0000000
58529.4625208943253 0 0.0000000
58529.4628681165486 0 0.0000000
58529.4632153387720 0 0.0000000
58529.4635625609953 0 0.0000000
58529.4639097832187 0 0.0000000
58529.4642570054421 0 0.0000000
58529.4646042276581 0 0.0000000
58529.4649514498815 0 0.0000000
58529.4652986721048 0 0.0000000
58529.4656458943282 0 0.0000000
58529.4659931165515 1 1.0000000
58529.4663403387749 0 0.0000000
58529.4666875609983 0 0.0000000
58529.4670347832143 0 0.0000000
58529.4673820054377 0 0.0000000
58529.4677292276610 1 1.0000000
58529.4680764498844 0 0.0000000
58529.4684236721077 0 0.0000000
58529.4687708943311 1 1.0000000
58529.4691181165545 0 0.0000000
58529.4694653387705 0 0.0000000
58529.4698125609939 0 0.0000000
58529.4701597832172 0 0.0000000
58529.4705070054406 0 0.0000000
58529.4708542276639 1 1.0000000
58529.4712014498800 1 1.0000000
58529.4715486721034 0 0.0000000
58529.4718958943267 0 0.0000000
58529.4722431165501 0 0.0000000
58529.4725903387734 0 0.0000000
58529.4729375609968 0 0.0000000
58529.4732847832202 0 0.0000000
58529.4736320054362 0 0.0000000
58529.4739792276596 0 0.0000000
58529.4743264498829 0 0.0000000
58529.4746736721063 0 0.0000000
58529.4750208943296 0 0.0000000
58529.4753681165530 1 1.0000000
58529.4757153387764 0 0.0000000
58529.4760625609924 0 0.0000000
58529.4764097832158 0 0.0000000
58529.4767570054391 0 0.0000000
58529.4771042276625 0 0.0000000
58529.4774514498858 0 0.0000000
58529.4777986721019 0 0.0000000
58529.4781458943253 0 0.0000000
58529.4784931165486 1 1.0000000
58529.4788403387720 0 0.0000000
58529.4791875609953 1 1.0000000
58529.4795347832187 1 1.0000000
58529.4798820054421 0 0.0000000
58529.4802292276581 3 1.7320508
58529.4805764498815 1 1.0000000
58529.4809236721048 1 1.0000000
58529.4812708943282 0 0.0000000
58529.4816181165515 2 1.4142136
58529.4819653387749 2 1.4142136
58529.4823125609983 1 1.0000000
58529.4826597832143 1 1.0000000
58529.4830070054377 2 1.4142136
58529.4833542276610 1 1.0000000
58529.4837014498844 1 1.0000000
58529.4840486721077 1 1.0000000
58529.4843958943311 0 0.0000000
58529.4847431165545 1 1.0000000
58529.4850903387705 0 0.0000000
58529.4854375609939 2 1.4142136
58529.4857847832172 1 1.0000000
58529.4861320054406 2 1.4142136
58529.4864792276639 0 0.0000000
58529.4868264498800 0 0.0000000
58529.4871736721034 0 0.0000000
58529.4875208943267 2 1.4142136
58529.4878681165501 1 1.0000000
58529.4882153387734 1 1.0000000
58529.4885625609968 3 1.7320508
58529.4889097832202 0 0.0000000
58529.4892570054362 1 1.0000000
58529.4896042276596 1 1.0000000
58529.4899514498829 3 1.7320508
58529.4902986721063 0 0.0000000
58529.4906458943296 1 1.0000000
58529.4909931165530 0 0.0000000
58529.4913403387764 2 1.4142136
58529.4916875609924 3 1.7320508
58529.4920347832158 2 1.4142136
58529.4923820054391 0 0.0000000
58529.4927292276625 2 1.4142136
58529.4930764498858 0 0.0000000
58529.4934236721019 0 0.0000000
58529.4937708943253 2 1.4142136
58529.4941181165486 0 0.0000000
58529.4944653387720 1 1.0000000
58529.4948125609953 3 1.7320508
58529.4951597832187 1 1.0000000
58529.4955070054421 2 1.4142136
58529.4958542276581 0 0.0000000
58529.4962014498815 0 0.0000000
58529.4965486721048 1 1.0000000
58529.4968958943282 1 1.0000000
58529.4972431165515 0 0.0000000
58529.4975903387749 2 1.4142136
58529.4979375609983 0 0.0000000
58529.4982847832143 1 1.0000000
58529.4986320054377 0 0.0000000
58529.4989792276610 0 0.0000000
58529.4993264498844 1 1.0000000
58529.4996736721077 0 0.0000000
58529.5000208943311 0 0.0000000
58529.5003681165545 1 1.0000000
58529.5007153387705 0 0.0000000
58529.5010625609939 2 1.4142136
58529.5014097832172 1 1.0000000
58529.5017570054406 0 0.0000000
58529.5021042276639 0 0.0000000
58529.5024514498800 2 1.4142136
58529.5027986721034 1 1.0000000
58529.5031458943267 0 0.0000000
58529.5034931165501 2 1.4142136
58529.5038403387734 0 0.0000000
58529.5041875609968 1 1.0000000
58529.5045347832202 0 0.0000000
58529.5048820054362 0 0.0000000
58529.5052292276596 1 1.0000000
58529.5055764498829 0 0.0000000
58529.5059236721063 1 1.0000000
58529.5062708943296 0 0.0000000
58529.5066181165530 0 0.0000000
58529.5069653387764 0 0.0000000
58529.5073125609924 0 0.0000000
58529.5076597832158 0 0.0000000
58529.5080070054391 0 0.0000000
58529.5083542276625 1 1.0000000
58529.5087014498858 0 0.0000000
58529.5090486721019 0 0.0000000
58529.5093958943253 0 0.0000000
58529.5097431165486 1 1.0000000
58529.5100903387720 0 0.0000000
58529.5104375609953 0 0.0000000
58529.5107847832187 0 0.0000000
58529.5111320054421 0 0.0000000
58529.5114792276581 0 0.0000000
58529.5118264498815 1 1.0000000
58529.5121736721048 0 0.0000000
58529.5125208943282 0 0.0000000
58529.5128681165515 0 0.0000000
58529.5132153387749 0 0.0000000
58529.5135625609983 0 0.0000000
58529.5139097832143 0 0.0000000
58529.5142570054377 0 0.0000000
58529.5146042276610 0 0.0000000
58529.5149514498844 0 0.0000000
58529.5152986721077 1 1.0000000
58529.5156458943311 0 0.0000000
58529.5159931165545 0 0.0000000
58529.5163403387705 0 0.0000000
58529.5166875609939 0 0.0000000
58529.5170347832172 0 0.0000000
58529.5173820054406 0 0.0000000
58529.5177292276639 0 0.0000000
58529.5180764498800 0 0.0000000
58529.5184236721034 0 0.0000000
58529.5187708943267 0 0.0000000
58529.5191181165501 0 0.0000000
58529.5194653387734 0 0.0000000
58529.5198125609968 0 0.0000000
58529.5201597832202 0 0.0000000
58529.5205070054362 0 0.0000000
58529.5208542276596 0 0.0000000
58529.5212014498829 0 0.0000000
58529.5215486721063 0 0.0000000
58529.5218958943296 0 0.0000000
58529.5222431165530 0 0.0000000
58529.5225903387764 1 1.0000000
58529.5229375609924 0 0.0000000
58529.5232847832158 0 0.0000000
58529.5236320054391 0 0.0000000
58529.5239792276625 0 0.0000000
58529.5243264498858 0 0.0000000
58529.5246736721019 1 1.0000000
58529.5250208943253 0 0.0000000
58529.5253681165486 1 1.0000000
58529.5257153387720 0 0.0000000
58529.5260625609953 0 0.0000000
58529.5264097832187 0 0.0000000
58529.5267570054421 0 0.0000000
58529.5271042276581 0 0.0000000
58529.5274514498815 0 0.0000000
58529.5277986721048 0 0.0000000
58529.5281458943282 0 0.0000000
58529.5284931165515 0 0.0000000
58529.5288403387749 0 0.0000000
58529.5291875609983 1 1.0000000
58529.5295347832143 0 0.0000000
58529.5298820054377 0 0.0000000
58529.5302292276610 0 0.0000000
58529.5305764498844 0 0.0000000
58529.5309236721077 0 0.0000000
58529.5312708943311 0 0.0000000
58529.5316181165545 0 0.0000000
58529.5319653387705 0 0.0000000
58529.5323125609939 0 0.0000000
58529.5326597832172 0 0.0000000
58529.5330070054406 0 0.0000000
58529.5333542276639 0 0.0000000
58529.5337014498800 0 0.0000000
58529.5340486721034 0 0.0000000
58529.5343958943267 0 0.0000000
58529.5347431165501 0 0.0000000
58529.5350903387734 0 0.0000000
58529.5354375609968 0 0.0000000
58529.5357847832202 0 0.0000000
58529.5361320054362 0 0.0000000
58529.5364792276596 0 0.0000000
58529.5368264498829 0 0.0000000
58529.5371736721063 0 0.0000000
58529.5375208943296 0 0.0000000
58529.5378681165530 0 0.0000000
58529.5382153387764 0 0.0000000
58529.5385625609924 1 1.0000000
58529.5389097832158 0 0.0000000
58529.5392570054391 0 0.0000000
58529.5396042276625 0 0.0000000
58529.5399514498858 0 0.0000000
58529.5402986721019 0 0.0000000
58529.5406458943253 0 0.0000000
58529.5409931165486 0 0.0000000
58529.5413403387720 0 0.0000000
58529.5416875609953 0 0.0000000
58529.5420347832187 0 0.0000000
58529.5423820054421 0 0.0000000
58529.5427292276581 0 0.0000000
58529.5430764498815 0 0.0000000
58529.5434236721048 0 0.0000000
58529.5437708943282 0 0.0000000
58529.5441181165515 0 0.0000000
58529.5444653387749 0 0.0000000
58529.5448125609983 0 0.0000000
58529.5451597832143 0 0.0000000
58529.5455070054377 0 0.0000000
58529.5458542276610 0 0.0000000
58529.5462014498844 0 0.0000000
58529.5465486721077 0 0.0000000
58529.5468958943311 0 0.0000000
58529.5472431165545 0 0.0000000
58529.5475903387705 0 0.0000000
58529.5479375609939 0 0.0000000
58529.5482847832172 0 0.0000000
58529.5486320054406 0 0.0000000
58529.5489792276639 0 0.0000000
58529.5493264498800 0 0.0000000
58529.5496736721034 0 0.0000000
58529.5500208943267 0 0.0000000
58529.5503681165501 0 0.0000000
58529.5507153387734 0 0.0000000
58529.5510625609968 0 0.0000000
58529.5514097832202 0 0.0000000
58529.5517570054362 0 0.0000000
58529.5521042276596 0 0.0000000
58529.5524514498829 0 0.0000000
58529.5527986721063 0 0.0000000
58529.5531458943296 0 0.0000000
58529.5534931165530 0 0.0000000
58529.5538403387764 0 0.0000000
58529.5541875609924 0 0.0000000
58529.5545347832158 0 0.0000000
58529.5548820054391 0 0.0000000
58529.5552292276625 0 0.0000000
58529.5555764498858 0 0.0000000
58529.5559236721019 0 0.0000000
58529.5562708943253 0 0.0000000
58529.5566181165486 0 0.0000000
58529.5569653387720 0 0.0000000
58529.5573125609953 0 0.0000000
58529.5576597832187 0 0.0000000
58529.5580070054421 0 0.0000000
58529.5583542276581 0 0.0000000
58529.5587014498815 0 0.0000000
58529.5590486721048 0 0.0000000
58529.5593958943282 0 0.0000000
58529.5597431165515 0 0.0000000
58529.5600903387749 0 0.0000000
58529.5604375609983 0 0.0000000
58529.5607847832143 0 0.0000000
58529.5611320054377 0 0.0000000
58529.5614792276610 0 0.0000000
58529.5618264498844 0 0.0000000
58529.5621736721077 0 0.0000000
58529.5625208943311 0 0.0000000
58529.5628681165545 0 0.0000000
58529.5632153387705 0 0.0000000
58529.5635625609939 0 0.0000000
58529.5639097832172 0 0.0000000
58529.5642570054406 0 0.0000000
58529.5646042276639 0 0.0000000
58529.5649514498800 0 0.0000000
58529.5652986721034 0 0.0000000
58529.5656458943267 0 0.0000000
58529.5659931165501 0 0.0000000
58529.5663403387734 0 0.0000000
58529.5666875609968 0 0.0000000
58529.5670347832202 0 0.0000000
58529.5673820054362 0 0.0000000
58529.5677292276596 0 0.0000000
58529.5680764498829 0 0.0000000
58529.5684236721063 0 0.0000000
58529.5687708943296 0 0.0000000
58529.5691181165530 0 0.0000000
